A299_T  ITSAK CHALANDRI STATION         5702 Values
(8F15.0)             0.005 
        .000032        .000534        .000803        .001041        .001243        .001448        .001700        .002019
        .002375        .002702        .002907        .002919        .002715        .002333        .001827        .001254
        .000636       -.000018       -.000728       -.001493       -.002279       -.003001       -.003592       -.004007
       -.004264       -.004404       -.004514       -.004643       -.004794       -.004875       -.004804       -.004507
       -.003989       -.003292       -.002548       -.001876       -.001362       -.000975       -.000673       -.000387
       -.000094        .000209        .000424        .000460        .000251       -.000132       -.000584       -.000933
       -.001043       -.000812       -.000319        .000255        .000641        .000652        .000148       -.000826
       -.002075       -.003227       -.003960       -.004029       -.003395       -.002159       -.000648        .000776
        .001785        .002274        .002232        .001807        .001169        .000536       -.000024       -.000477
       -.000829       -.000983       -.000892       -.000489        .000193        .001086        .001929        .002450
        .002421        .001867        .000917       -.000130       -.000988       -.001385       -.001317       -.000913
       -.000407        .000090        .000478        .000790        .001058        .001356        .001546        .001440
        .000813       -.000343       -.001951       -.003722       -.005312       -.006323       -.006616       -.006223
       -.005375       -.004279       -.003226       -.002395       -.001902       -.001687       -.001744       -.001994
       -.002355       -.002606       -.002633       -.002347       -.001814       -.001125       -.000574       -.000405
       -.000769       -.001499       -.002353       -.002974       -.003118       -.002630       -.001698       -.000624
        .000245        .000814        .001072        .001196        .001353        .001718        .002179        .002524
        .002485        .002018        .001152        .000116       -.000834       -.001403       -.001573       -.001456
       -.001298       -.001213       -.001320       -.001567       -.001845       -.001917       -.001719       -.001244
       -.000602        .000174        .000942        .001626        .002137        .002521        .002717        .002716
        .002495        .002164        .001730        .001222        .000604       -.000074       -.000870       -.001772
       -.002744       -.003596       -.004239       -.004588       -.004663       -.004436       -.004019       -.003475
       -.002871       -.002143       -.001353       -.000575        .000031        .000403        .000426        .000135
       -.000349       -.000723       -.000794       -.000428        .000340        .001452        .002680        .003837
        .004757        .005442        .005846        .005972        .005801        .005430        .004891        .004292
        .003731        .003380        .003256        .003321        .003440        .003553        .003540        .003374
        .003056        .002704        .002336        .001966        .001561        .001175        .000806        .000509
        .000318        .000327        .000507        .000817        .001184        .001630        .002125        .002669
        .003204        .003694        .003983        .003951        .003526        .002835        .002041        .001377
        .000993        .000969        .001168        .001375        .001365        .001087        .000586        .000049
       -.000324       -.000348       -.000034        .000492        .001022        .001425        .001609        .001605
        .001490        .001386        .001318        .001265        .001163        .001018        .000859        .000793
        .000935        .001405        .002195        .003205        .004250        .005173        .005840        .006236
        .006442        .006634        .006957        .007490        .008185        .008914        .009463        .009643
        .009347        .008615        .007582        .006442        .005358        .004417        .003581        .002737
        .001767        .000637       -.000574       -.001678       -.002443       -.002676       -.002306       -.001408
       -.000190        .001077        .002129        .002771        .002904        .002529        .001737        .000677
       -.000472       -.001551       -.002429       -.003048       -.003422       -.003636       -.003761       -.003826
       -.003772       -.003485       -.002810       -.001660       -.000067        .001765        .003570        .005070
        .006101        .006614        .006735        .006637        .006471        .006253        .005940        .005438
        .004712        .003795        .002867        .002133        .001762        .001745        .001988        .002296
        .002505        .002494        .002319        .002110        .002023        .002089        .002290        .002500
        .002593        .002432        .002040        .001505        .000982        .000542        .000264        .000139
        .000134        .000133        .000102       -.000002       -.000196       -.000578       -.001171       -.002005
       -.003036       -.004242       -.005467       -.006564       -.007385       -.007925       -.008173       -.008206
       -.008101       -.008004       -.007924       -.007827       -.007589       -.007135       -.006299       -.004992
       -.003181       -.001030        .001299        .003560        .005544        .007010        .007912        .008268
        .008189        .007697        .006886        .005780        .004413        .002722        .000784       -.001325
       -.003472       -.005628       -.007659       -.009454       -.010829       -.011673       -.011763       -.010989
       -.009358       -.007186       -.004837       -.002756       -.001241       -.000468       -.000235       -.000196
        .000047        .000625        .001534        .002517        .003271        .003463        .003081        .002297
        .001448        .000734        .000340        .000239        .000338        .000422        .000482        .000574
        .000834        .001226        .001705        .002066        .002105        .001581        .000551       -.000770
       -.002000       -.002872       -.003122       -.002707       -.001717       -.000465        .000837        .001979
        .002849        .003253        .003140        .002440        .001181       -.000636       -.002785       -.005001
       -.006973       -.008585       -.009745       -.010542       -.011108       -.011688       -.012318       -.012945
       -.013367       -.013456       -.013011       -.011964       -.010305       -.008200       -.005713       -.002921
        .000141        .003285        .006317        .008870        .010519        .010753        .009356        .006393
        .002334       -.002164       -.006234       -.009170       -.010555       -.010484       -.009302       -.007569
       -.005786       -.004363       -.003359       -.002657       -.002021       -.001333       -.000470        .000567
        .001765        .003016        .004305        .005559        .006666        .007358        .007441        .006784
        .005482        .003766        .002086        .000838        .000211       -.000038       -.000415       -.001616
       -.004211       -.008477       -.014109       -.020345       -.026117       -.030433       -.032520       -.032084
       -.029294       -.024757       -.019208       -.013390       -.007875       -.003072        .000879        .003979
        .006326        .007986        .009064        .009631        .009777        .009581        .009228        .008939
        .008973        .009494        .010582        .012109        .013741        .014926        .015070        .013654
        .010415        .005441       -.000722       -.007179       -.012845       -.016730       -.018161       -.017003
       -.013714       -.009267       -.004883       -.001726       -.000606       -.001795       -.004979       -.009407
       -.014136       -.018331       -.021487       -.023548       -.024877       -.026105       -.027917       -.030818
       -.034971       -.040113       -.045604       -.050547       -.053981       -.055073       -.053318       -.048623
       -.041328       -.032102       -.021846       -.011496       -.001888        .006375        .012912        .017593
        .020479        .021806        .021873        .021047        .019718        .018340        .017324        .017064
        .017843        .019805        .022758        .026186        .029231        .030910        .030247        .026653
        .020146        .011540        .002220       -.006080       -.011747       -.013597       -.011263       -.005107
        .003940        .014816        .026505        .038336        .049936        .061190        .071885        .081665
        .089949        .096137        .099585        .099839        .096599        .089769        .079163        .064581
        .045840        .023135       -.002845       -.030540       -.057560       -.080820       -.097322       -.104726
       -.102071       -.089980       -.070788       -.047864       -.024878       -.004815        .010374        .020109
        .024859        .025794        .024001        .020285        .015022        .008519        .001057       -.006720
       -.013876       -.019215       -.021863       -.021381       -.017974       -.012218       -.005085        .002538
        .009973        .017031        .023673        .030085        .036442        .043012        .049793        .056655
        .063189        .068855        .072668        .073474        .070011        .061362        .046920        .026816
        .001945       -.025833       -.054163       -.080266       -.101420       -.115180       -.120122       -.115937
       -.103676       -.085423       -.064265       -.043539       -.026349       -.014813       -.010045       -.011789
       -.018593       -.027824       -.036402       -.041086       -.039189       -.028948       -.010323        .015100
        .044282        .073665        .099748        .120159        .133964        .141765        .144669        .143644
        .138713        .129006        .112865        .088957        .057059        .018821       -.022708       -.063535
       -.099810       -.128444       -.147880       -.157753       -.158568       -.150941       -.135688       -.113610
       -.085876       -.054053       -.020515        .012045        .040984        .064458        .081398        .091798
        .096360        .096366        .092969        .087237        .080006        .072208        .064604        .058055
        .053325        .051177        .051831        .055079        .060110        .065821        .070629        .072981
        .071546        .065736        .055520        .041652        .025360        .008262       -.008338       -.023472
       -.036729       -.047973       -.057548       -.065901       -.073605       -.081068       -.088803       -.097049
       -.105682       -.113787       -.119967       -.122325       -.119049       -.108791       -.091499       -.068380
       -.041777       -.014354        .011296        .033438        .051307        .065131        .075367        .082443
        .086394        .087117        .084347        .078210        .069299        .058789        .047788        .037116
        .026896        .016730        .005677       -.007062       -.021753       -.037637       -.053222       -.066413
       -.075123       -.077646       -.073342       -.062639       -.047016       -.028513       -.009559        .007616
        .021196        .030090        .033653        .031755        .024598        .012848       -.002568       -.020247
       -.038422       -.054980       -.068030       -.076154       -.078795       -.076206       -.069484       -.060022
       -.049123       -.037536       -.025588       -.013218       -.000334        .013083        .026705        .040077
        .052723        .064363        .074672        .083204        .089166        .091513        .089031        .080904
        .067128        .048888        .028297        .008025       -.009425       -.022251       -.029847       -.032706
       -.032148       -.029787       -.027261       -.025894       -.026644       -.030008       -.036149       -.044808
       -.055366       -.066867       -.078308       -.088796       -.097749       -.104861       -.110073       -.113326
       -.114463       -.113204       -.109409       -.103244       -.095289       -.086334       -.077052       -.067512
       -.056951       -.043877       -.026669       -.004317        .022899        .053192        .083552        .110566
        .131358        .144328        .149352        .147463        .140179        .128826        .114151        .096401
        .075745        .052780        .028844        .005920       -.013824       -.028682       -.037921       -.041968
       -.042167       -.040261       -.037766       -.035593       -.033957       -.032630       -.031268       -.029737
       -.028188       -.026960       -.026295       -.026226       -.026607       -.027388       -.028797       -.031472
       -.036204       -.043484       -.052857       -.062673       -.070246       -.072642       -.067604       -.054547
       -.034944       -.012082        .009985        .027599        .038568        .042562        .041007        .036258
        .030728        .026085        .023097        .021665        .021217        .020988        .020380        .018931
        .016349        .012429        .007271        .001250       -.004938       -.010529       -.014776       -.017282
       -.018038       -.017431       -.015834       -.013490       -.010363       -.006366       -.001406        .004277
        .010117        .015244        .018953        .020836        .020965        .019682        .017607        .015296
        .013218        .011611        .010748        .010792        .011781        .013371        .015021        .015990
        .015714        .014000        .011420        .009053        .008171        .009591        .013540        .019451
        .026319        .032974        .038686        .043102        .046159        .047637        .047230        .044460
        .039060        .031138        .021538        .011472        .002146       -.005841       -.012412       -.017940
       -.022646       -.026264       -.027630       -.025207       -.017731       -.005154        .011217        .028759
        .044388        .055373        .060398        .059649        .054578        .047029        .038770        .030871
        .023759        .017323        .011562        .006663        .003113        .001358        .001852        .004719
        .009799        .016496        .024110        .031683        .038145        .042237        .043001        .039873
        .033016        .023215        .012003        .001127       -.007806       -.013877       -.016752       -.016817
       -.014861       -.011978       -.009053       -.006782       -.005508       -.005395       -.006179       -.007436
       -.008625       -.009440       -.009689       -.009534       -.009322       -.009565       -.010427       -.011739
       -.012895       -.013192       -.011798       -.008168       -.002087        .006133        .015969        .026565
        .036851        .045419        .050929        .052206        .048698        .040620        .029318        .016862
        .005590       -.002735       -.007197       -.008069       -.006464       -.003939       -.001633       -.000039
        .001098        .002314        .004223        .007001        .010360        .013539        .015845        .016751
        .016103        .013911        .010454        .005998        .000848       -.004757       -.010341       -.015333
       -.019078       -.021146       -.021271       -.019589       -.016536       -.012872       -.009284       -.006372
       -.004474       -.003779       -.004139       -.005275       -.006783       -.008365       -.009693       -.010604
       -.011041       -.011173       -.011149       -.011174       -.011412       -.012091       -.013290       -.015038
       -.017204       -.019601       -.021814       -.023438       -.024175       -.024127       -.023664       -.023440
       -.024065       -.025901       -.028645       -.031448       -.033119       -.032675       -.029602       -.024187
       -.017377       -.010537       -.004815       -.000886        .001243        .002003        .002147        .002349
        .003071        .004419        .006351        .008646        .010994        .012904        .013895        .013497
        .011463        .007815        .003024       -.002210       -.007158       -.011412       -.014891       -.017889
       -.020831       -.024130       -.027923       -.032172       -.036759       -.041685       -.046940       -.052416
       -.057623       -.061637       -.063103       -.060697       -.053620       -.042094       -.027364       -.011470
        .003379        .015377        .023649        .028243        .029876        .029425        .027648        .024971
        .021594        .017630        .013335        .009053        .005100        .001547       -.001756       -.005125
       -.008803       -.012810       -.016814       -.020316       -.022887       -.024442       -.025220       -.025689
       -.026242       -.026987       -.027600       -.027510       -.026163       -.023354       -.019297       -.014587
       -.009951       -.006018       -.003106       -.001268       -.000401       -.000447       -.001400       -.003289
       -.006025       -.009305       -.012547       -.015032       -.016094       -.015340       -.012698       -.008424
       -.002956        .003185        .009536        .015677        .021214        .025734        .028866        .030326
        .030002        .027962        .024458        .019831        .014450        .008675        .002914       -.002338
       -.006492       -.008967       -.009322       -.007470       -.003779        .000942        .005661        .009389
        .011450        .011602        .010029        .007151        .003417       -.000864       -.005505       -.010353
       -.015112       -.019258       -.022037       -.022646       -.020482       -.015382       -.007716        .001650
        .011554        .020781        .028336        .033580        .036274        .036520        .034682        .031272
        .026893        .022162        .017687        .013987        .011418        .010075        .009774        .010049
        .010266        .009770        .008105        .005162        .001263       -.002900       -.006415       -.008422
       -.008370       -.006223       -.002486        .001904        .005851        .008410        .009090        .007991
        .005773        .003434        .002035        .002377        .004802        .009113        .014686        .020643
        .026086        .030272        .032750        .033366        .032217        .029545        .025677        .020948
        .015688        .010218        .004904        .000152       -.003608       -.005994       -.006751       -.005854
       -.003566       -.000433        .002851        .005612        .007415        .008203        .008365        .008611
        .009741        .012312        .016410        .021492        .026465        .029920        .030544        .027487
        .020655        .010775       -.000718       -.012023       -.021395       -.027568       -.030002       -.028987
       -.025508       -.020969       -.016774       -.013988       -.013059       -.013765       -.015277       -.016455
       -.016190       -.013769       -.009067       -.002612        .004578        .011269        .016399        .019346
        .020067        .019016        .016962        .014672        .012676        .011116        .009839        .008524
        .006913        .004913        .002679        .000478       -.001443       -.003022       -.004366       -.005705
       -.007234       -.009009       -.010852       -.012454       -.013510       -.013913       -.013778       -.013422
       -.013191       -.013299       -.013655       -.013898       -.013532       -.012174       -.009693       -.006311
       -.002502        .001164        .004293        .006755        .008702        .010394        .012074        .013799
        .015434        .016710        .017434        .017577        .017316        .016906        .016591        .016424
        .016242        .015704        .014500        .012471        .009710        .006487        .003185        .000099
       -.002655       -.005182       -.007667       -.010277       -.013034       -.015817       -.018359       -.020387
       -.021699       -.022256       -.022097       -.021317       -.019979       -.018122       -.015724       -.012793
       -.009401       -.005751       -.002098        .001261        .004067        .006112        .007327        .007756
        .007568        .006993        .006352        .005956        .006062        .006762        .008003        .009549
        .011050        .012103        .012410        .011823        .010401        .008356        .006056        .003915
        .002335        .001594        .001853        .003074        .005031        .007290        .009345        .010677
        .010894        .009785        .007414        .004052        .000127       -.003911       -.007610       -.010592
       -.012543       -.013249       -.012570       -.010519       -.007301       -.003376        .000634        .004020
        .006167        .006683        .005538        .003026       -.000328       -.003964       -.007400       -.010363
       -.012778       -.014735       -.016334       -.017632       -.018582       -.019080       -.018980       -.018189
       -.016692       -.014586       -.012014       -.009143       -.006113       -.003050       -.000036        .002837
        .005445        .007596        .009082        .009706        .009357        .008046        .005953        .003375
        .000652       -.001945       -.004269       -.006328       -.008231       -.010115       -.012019       -.013848
       -.015386       -.016400       -.016727       -.016380       -.015549       -.014559       -.013724       -.013246
       -.013136       -.013238       -.013286       -.013024       -.012287       -.011046       -.009382       -.007447
       -.005412       -.003451       -.001724       -.000388        .000426        .000634        .000259       -.000545
       -.001501       -.002282       -.002602       -.002314       -.001473       -.000316        .000815        .001590
        .001796        .001392        .000492       -.000711       -.002035       -.003387       -.004786       -.006327
       -.008114       -.010177       -.012438       -.014702       -.016696       -.018122       -.018723       -.018318
       -.016824       -.014254       -.010735       -.006496       -.001856        .002813        .007134        .010800
        .013630        .015606        .016823        .017437        .017567        .017255        .016439        .015030
        .013000        .010471        .007721        .005148        .003145        .001999        .001781        .002351
        .003421        .004680        .005875        .006898        .007782        .008676        .009752        .011153
        .012944        .015097        .017454        .019754        .021651        .022801        .022906        .021836
        .019674        .016746        .013519        .010508        .008126        .006614        .005974        .006032
        .006499        .007079        .007474        .007437        .006762        .005331        .003119        .000262
       -.002943       -.006061       -.008671       -.010474       -.011415       -.011665       -.011595       -.011597
       -.011957       -.012747       -.013889       -.015214       -.016583       -.017917       -.019225       -.020498
       -.021653       -.022479       -.022756       -.022343       -.021301       -.019885       -.018513       -.017561
       -.017204       -.017289       -.017417       -.017059       -.015767       -.013301       -.009725       -.005314
       -.000435        .004610        .009586        .014338        .018707        .022511        .025500        .027469
        .028339        .028264        .027549        .026588        .025696        .025034        .024528        .023991
        .023238        .022252        .021163        .020217        .019604        .019353        .019203        .018695
        .017315        .014732        .010888        .006078        .000843       -.004174       -.008453       -.011683
       -.013802       -.014893       -.015139       -.014695       -.013670       -.012115       -.010111       -.007784
       -.005318       -.002904       -.000735        .001066        .002443        .003441        .004125        .004587
        .004915        .005212        .005538        .005935        .006397        .006904        .007389        .007797
        .008109        .008389        .008728        .009244        .010004        .011026        .012212        .013412
        .014445        .015178        .015491        .015295        .014498        .013018        .010770        .007744
        .004051       -.000024       -.004092       -.007712       -.010509       -.012237       -.012845       -.012415
       -.011110       -.009078       -.006463       -.003406       -.000109        .003155        .006022        .008132
        .009222        .009235        .008307        .006735        .004857        .002958        .001168       -.000514
       -.002167       -.003854       -.005584       -.007297       -.008912       -.010364       -.011670       -.012900
       -.014139       -.015409       -.016660       -.017756       -.018534       -.018849       -.018651       -.017981
       -.016957       -.015721       -.014413       -.013133       -.011937       -.010835       -.009807       -.008810
       -.007783       -.006661       -.005414       -.004068       -.002718       -.001513       -.000626       -.000197
       -.000290       -.000872       -.001838       -.003041       -.004336       -.005598       -.006730       -.007648
       -.008270       -.008530       -.008411       -.007974       -.007376       -.006831       -.006559       -.006705
       -.007288       -.008196       -.009234       -.010196       -.010937       -.011407       -.011637       -.011700
       -.011658       -.011536       -.011325       -.011002       -.010549       -.009962       -.009222       -.008278
       -.007034       -.005373       -.003197       -.000487        .002671        .006090        .009528        .012750
        .015572        .017875        .019593        .020675        .021067        .020716        .019607        .017800
        .015451        .012791        .010084        .007553        .005338        .003475        .001924        .000614
       -.000524       -.001538       -.002440       -.003235       -.003910       -.004442       -.004772       -.004804
       -.004423       -.003542       -.002141       -.000314        .001745        .003767        .005501        .006769
        .007504        .007733        .007543        .007017        .006197        .005078        .003658        .001979
        .000160       -.001618       -.003138       -.004226       -.004795       -.004889       -.004636       -.004218
       -.003801       -.003506       -.003377       -.003409       -.003574       -.003857       -.004240       -.004705
       -.005205       -.005666       -.005979       -.006041       -.005789       -.005242       -.004479       -.003632
       -.002825       -.002138       -.001558       -.000989       -.000276        .000733        .002163        .004063
        .006403        .009074        .011929        .014793        .017504        .019917        .021945        .023548
        .024738        .025542        .025999        .026119        .025881        .025226        .024109        .022521
        .020527        .018264        .015944        .013806        .012080        .010941        .010496        .010761
        .011655        .012984        .014460        .015715        .016358        .016038        .014546        .011870
        .008220        .003981       -.000364       -.004360       -.007680       -.010191       -.011951       -.013168
       -.014119       -.015081       -.016261       -.017761       -.019575       -.021607       -.023694       -.025653
       -.027327       -.028621       -.029503       -.029992       -.030103       -.029800       -.028956       -.027376
       -.024851       -.021265       -.016678       -.011375       -.005840       -.000670        .003559        .006409
        .007667        .007363        .005737        .003177        .000132       -.002953       -.005711       -.007896
       -.009411       -.010305       -.010734       -.010882       -.010877       -.010725       -.010306       -.009425
       -.007922       -.005774       -.003164       -.000447        .001949        .003677        .004577        .004734
        .004423        .003999        .003748        .003805        .004128        .004557        .004894        .004992
        .004795        .004344        .003721        .003021        .002325        .001713        .001262        .001059
        .001181        .001678        .002513        .003556        .004592        .005385        .005715        .005459
        .004621        .003351        .001894        .000546       -.000412       -.000746       -.000330        .000872
        .002803        .005362        .008395        .011730        .015170        .018516        .021540        .024022
        .025766        .026656        .026632        .025723        .024013        .021642        .018746        .015482
        .012024        .008598        .005440        .002779        .000772       -.000527       -.001228       -.001554
       -.001782       -.002131       -.002750       -.003675       -.004888       -.006337       -.008025       -.009965
       -.012133       -.014371       -.016410       -.017874       -.018409       -.017779       -.016004       -.013332
       -.010164       -.006878       -.003762       -.000932        .001604        .003875        .005791        .007155
        .007700        .007257        .005819        .003634        .001141       -.001122       -.002731       -.003451
       -.003289       -.002402       -.001075        .000410        .001793        .002874        .003441        .003310
        .002341        .000531       -.002013       -.005038       -.008218       -.011205       -.013759       -.015744
       -.017124       -.017871       -.017986       -.017450       -.016282       -.014550       -.012474       -.010364
       -.008575       -.007367       -.006890       -.007106       -.007848       -.008845       -.009868       -.010738
       -.011358       -.011645       -.011572       -.011105       -.010232       -.008934       -.007267       -.005316
       -.003205       -.001029        .001077        .002974        .004491        .005469        .005729        .005166
        .003783        .001762       -.000627       -.003047       -.005204       -.006866       -.007964       -.008515
       -.008595       -.008228       -.007446       -.006254       -.004711       -.002918       -.001110        .000435
        .001435        .001740        .001307        .000255       -.001194       -.002734       -.004121       -.005171
       -.005805       -.005992       -.005796       -.005295       -.004582       -.003692       -.002674       -.001539
       -.000306        .001031        .002412        .003749        .004920        .005842        .006447        .006759
        .006878        .007003        .007302        .007896        .008783        .009877        .010971        .011845
        .012327        .012383        .012068        .011536        .010957        .010490        .010176        .009975
        .009783        .009533        .009191        .008821        .008557        .008591        .009037        .009915
        .011096        .012372        .013451        .014090        .014145        .013655        .012770        .011732
        .010785        .010130        .009827        .009824        .009963        .010059        .009896        .009303
        .008159        .006449        .004222        .001619       -.001150       -.003804       -.006088       -.007786
       -.008772       -.008989       -.008485       -.007342       -.005665       -.003529       -.001041        .001663
        .004388        .006913        .008985        .010415        .011123        .011190        .010794        .010164
        .009478        .008826        .008153        .007323        .006190        .004702        .002912        .000992
       -.000830       -.002328       -.003374       -.003947       -.004127       -.004030       -.003792       -.003513
       -.003259       -.003051       -.002919       -.002894       -.003017       -.003313       -.003805       -.004487
       -.005332       -.006273       -.007240       -.008146       -.008896       -.009383       -.009520       -.009235
       -.008492       -.007282       -.005642       -.003645       -.001392        .000998        .003378        .005593
        .007491        .008948        .009875        .010242        .010074        .009449        .008469        .007249
        .005897        .004514        .003179        .001951        .000858       -.000097       -.000945       -.001725
       -.002472       -.003190       -.003844       -.004378       -.004741       -.004920       -.004971       -.005004
       -.005154       -.005529       -.006166       -.007011       -.007940       -.008804       -.009468       -.009854
       -.009937       -.009729       -.009256       -.008542       -.007625       -.006575       -.005508       -.004580
       -.003952       -.003741       -.003970       -.004549       -.005295       -.005986       -.006407       -.006404
       -.005908       -.004937       -.003570       -.001942       -.000218        .001410        .002773        .003751
        .004319        .004557        .004651        .004817        .005219        .005878        .006662        .007304
        .007501        .007017        .005799        .003988        .001884       -.000166       -.001847       -.002967
       -.003471       -.003426       -.002940       -.002136       -.001117       -.000001        .001103        .002053
        .002707        .002924        .002642        .001874        .000725       -.000654       -.002067       -.003335
       -.004314       -.004947       -.005232       -.005250       -.005129       -.005043       -.005125       -.005447
       -.005984       -.006632       -.007212       -.007549       -.007517       -.007106       -.006373       -.005436
       -.004417       -.003426       -.002506       -.001679       -.000947       -.000349        .000096        .000369
        .000490        .000490        .000442        .000403        .000404        .000421        .000447        .000496
        .000648        .000998        .001662        .002686        .004007        .005431        .006734        .007714
        .008289        .008488        .008474        .008420        .008434        .008471        .008386        .007966
        .007036        .005493        .003394        .000882       -.001845       -.004636       -.007364       -.009961
       -.012384       -.014629       -.016663       -.018463       -.020004       -.021292       -.022288       -.022934
       -.023129       -.022798       -.021874       -.020381       -.018433       -.016250       -.014033       -.011937
       -.010013       -.008243       -.006534       -.004818       -.003075       -.001374        .000234        .001733
        .003201        .004746        .006506        .008514        .010662        .012658        .014172        .014903
        .014719        .013659        .011969        .009965        .007938        .006022        .004236        .002482
        .000657       -.001319       -.003385       -.005392       -.007131       -.008436       -.009177       -.009328
       -.008946       -.008189       -.007215       -.006186       -.005212       -.004367       -.003611       -.002844
       -.001913       -.000705        .000867        .002797        .005001        .007309        .009581        .011705
        .013641        .015369        .016917        .018280        .019421        .020235        .020640        .020571
        .020026        .019021        .017628        .015907        .013911        .011649        .009175        .006580
        .004020        .001673       -.000246       -.001573       -.002220       -.002236       -.001736       -.000908
        .000055        .000948        .001644        .002060        .002176        .001988        .001555        .000954
        .000289       -.000358       -.000885       -.001223       -.001320       -.001177       -.000790       -.000175
        .000662        .001689        .002899        .004276        .005799        .007411        .009065        .010693
        .012223        .013542        .014559        .015174        .015318        .014937        .014058        .012764
        .011198        .009508        .007851        .006328        .004977        .003738        .002533        .001279
       -.000049       -.001420       -.002699       -.003725       -.004345       -.004508       -.004247       -.003701
       -.003055       -.002500       -.002138       -.001995       -.002028       -.002204       -.002509       -.002993
       -.003734       -.004807       -.006186       -.007739       -.009234       -.010436       -.011150       -.011315
       -.011009       -.010432       -.009793       -.009256       -.008877       -.008633       -.008418       -.008123
       -.007665       -.007032       -.006230       -.005298       -.004279       -.003240       -.002245       -.001372
       -.000679       -.000201        .000102        .000326        .000596        .000996        .001549        .002183
        .002762        .003129        .003199        .002975        .002552        .002051        .001590        .001216
        .000916        .000622        .000291       -.000080       -.000443       -.000739       -.000916       -.000970
       -.000940       -.000900       -.000895       -.000942       -.001015       -.001091       -.001152       -.001213
       -.001307       -.001467       -.001672       -.001850       -.001885       -.001676       -.001162       -.000367
        .000603        .001583        .002407        .002950        .003166        .003087        .002828        .002545
        .002397        .002496        .002882        .003504        .004233        .004891        .005324        .005443
        .005261        .004871        .004419        .004034        .003790        .003678        .003637        .003591
        .003487        .003296        .003004        .002571        .001911        .000898       -.000579       -.002553
       -.004935       -.007516       -.010008       -.012134       -.013705       -.014665       -.015081       -.015088
       -.014825       -.014389       -.013820       -.013118       -.012269       -.011272       -.010134       -.008861
       -.007449       -.005885       -.004179       -.002379       -.000590        .001046        .002396        .003372
        .003969        .004250        .004308        .004219        .004005        .003634        .003053        .002233
        .001200        .000044       -.001118       -.002177       -.003077       -.003816       -.004440       -.005001
       -.005538       -.006060       -.006558       -.007017       -.007429       -.007785       -.008061       -.008202
       -.008126       -.007737       -.006970       -.005814       -.004333       -.002647       -.000911        .000731
        .002173        .003372        .004337        .005128        .005828        .006535        .007323        .008220
        .009183        .010085        .010735        .010922        .010487        .009388        .007733        .005762
        .003784        .002093        .000863        .000117       -.000274       -.000523       -.000854       -.001425
       -.002281       -.003352       -.004496       -.005533       -.006300       -.006672       -.006585       -.006032
       -.005065       -.003773       -.002283       -.000731        .000750        .002046        .003058        .003705
        .003911        .003625        .002828        .001569       -.000019       -.001712       -.003245       -.004362
       -.004891       -.004777       -.004098       -.003017       -.001723       -.000365        .000969        .002250
        .003466        .004601        .005600        .006392        .006925        .007200        .007271        .007225
        .007139        .007040        .006882        .006565        .005985        .005087        .003891        .002501
        .001074       -.000212       -.001212       -.001824       -.001992       -.001694       -.000940        .000231
        .001742        .003477        .005266        .006913        .008213        .009004        .009172        .008688
        .007597        .006013        .004082        .001956       -.000242       -.002428       -.004573       -.006685
       -.008784       -.010867       -.012897       -.014788       -.016418       -.017639       -.018311       -.018309
       -.017530       -.015893       -.013351       -.009904       -.005615       -.000620        .004855        .010526
        .016076        .021210        .025678        .029298        .031957        .033601        .034215        .033813
        .032427        .030111        .026916        .022890        .018070        .012510        .006296       -.000396
       -.007279       -.013942       -.019908       -.024714       -.028009       -.029635       -.029670       -.028399
       -.026240       -.023636       -.020973       -.018507       -.016349       -.014474       -.012775       -.011105
       -.009321       -.007308       -.005010       -.002423        .000400        .003377        .006397        .009345
        .012106        .014572        .016628        .018155        .019029        .019141        .018406        .016797
        .014360        .011234        .007625        .003797        .000017       -.003467       -.006485       -.008954
       -.010873       -.012288       -.013260       -.013811       -.013910       -.013477       -.012447       -.010818
       -.008708       -.006355       -.004083       -.002215       -.000982       -.000449       -.000508       -.000922
       -.001401       -.001686       -.001618       -.001150       -.000332        .000738        .001933        .003129
        .004211        .005088        .005690        .005991        .006015        .005839        .005552        .005233
        .004912        .004578        .004174        .003647        .002966        .002153        .001246        .000286
       -.000709       -.001732       -.002780       -.003805       -.004698       -.005293       -.005429       -.005007
       -.004048       -.002697       -.001205        .000159        .001178        .001759        .001930        .001818
        .001593        .001410        .001353        .001429        .001575        .001706        .001737        .001636
        .001438        .001260        .001255        .001581        .002334        .003529        .005067        .006775
        .008461        .009977        .011234        .012205        .012868        .013178        .013008        .012189
        .010566        .008100        .004904        .001264       -.002429       -.005767       -.008455       -.010363
       -.011528       -.012086       -.012209       -.012025       -.011590       -.010892       -.009928       -.008731
       -.007410       -.006123       -.005071       -.004433       -.004334       -.004789       -.005727       -.006979
       -.008309       -.009437       -.010115       -.010157       -.009481       -.008102       -.006147       -.003794
       -.001249        .001316        .003726        .005829        .007467        .008510        .008849        .008456
        .007404        .005899        .004206        .002617        .001370        .000637        .000465        .000829
        .001647        .002828        .004234        .005693        .006980        .007858        .008086        .007511
        .006113        .004054        .001611       -.000869       -.003065       -.004732       -.005773       -.006207
       -.006151       -.005751       -.005186       -.004630       -.004242       -.004127       -.004354       -.004904
       -.005680       -.006495       -.007164       -.007529       -.007516       -.007111       -.006385       -.005408
       -.004226       -.002815       -.001148        .000786        .002918        .005118        .007164        .008842
        .009995        .010606        .010752        .010591        .010282        .009950        .009608        .009203
        .008640        .007878        .006910        .005816        .004714        .003764        .003066        .002671
        .002556        .002667        .002887        .003096        .003172        .003057        .002714        .002177
        .001526        .000900        .000407        .000118        .000030        .000097        .000205        .000250
        .000159       -.000053       -.000344       -.000653       -.000950       -.001236       -.001594       -.002129
       -.002937       -.004038       -.005405       -.006939       -.008507       -.009937       -.011090       -.011835
       -.012080       -.011743       -.010832       -.009430       -.007719       -.005931       -.004348       -.003200
       -.002618       -.002568       -.002916       -.003451       -.003972       -.004320       -.004453       -.004409
       -.004276       -.004114       -.003982       -.003897       -.003862       -.003853       -.003870       -.003898
       -.003905       -.003805       -.003521       -.002987       -.002195       -.001188       -.000092        .000949
        .001811        .002458        .002905        .003225        .003489        .003755        .004004        .004179
        .004205        .004056        .003730        .003271        .002734        .002174        .001584        .000921
        .000115       -.000863       -.002018       -.003283       -.004549       -.005653       -.006463       -.006873
       -.006841       -.006359       -.005491       -.004332       -.003001       -.001604       -.000257        .000944
        .001924        .002647        .003088        .003251        .003162        .002885        .002486        .002048
        .001639        .001325        .001119        .001008        .000946        .000908        .000879        .000892
        .001017        .001353        .001966        .002869        .004002        .005257        .006485        .007557
        .008387        .008953        .009263        .009331        .009149        .008692        .007916        .006808
        .005413        .003858        .002308        .000943       -.000103       -.000760       -.001037       -.000996
       -.000711       -.000239        .000375        .001090        .001840        .002531        .003041        .003261
        .003137        .002704        .002085        .001458        .001005        .000859        .001058        .001540
        .002153        .002703        .002993        .002875        .002287        .001272       -.000015       -.001342
       -.002449       -.003115       -.003224       -.002797       -.001990       -.001040       -.000187        .000399
        .000658        .000637        .000446        .000191       -.000065       -.000326       -.000620       -.000966
       -.001329       -.001624       -.001731       -.001550       -.001043       -.000260        .000693        .001683
        .002597        .003354        .003928        .004315        .004521        .004540        .004378        .004056
        .003620        .003124        .002622        .002130        .001612        .000973        .000120       -.001017
       -.002433       -.004050       -.005707       -.007207       -.008359       -.009034       -.009158       -.008736
       -.007834       -.006580       -.005106       -.003548       -.002019       -.000613        .000632        .001706
        .002619        .003362        .003931        .004300        .004446        .004345        .004030        .003572
        .003076        .002633        .002326        .002176        .002153        .002159        .002104        .001909
        .001547        .001023        .000405       -.000231       -.000814       -.001328       -.001772       -.002177
       -.002570       -.002984       -.003397       -.003766       -.004029       -.004156       -.004114       -.003905
       -.003544       -.003076       -.002515       -.001872       -.001146       -.000369        .000441        .001240
        .001993        .002650        .003211        .003687        .004105        .004448        .004701        .004812
        .004732        .004405        .003848        .003122        .002340        .001600        .001021        .000678
        .000620        .000835        .001318        .002033        .002938        .003940        .004966        .005938
        .006809        .007530        .008107        .008531        .008772        .008727        .008291        .007365
        .005928        .004041        .001902       -.000235       -.002123       -.003637       -.004756       -.005591
       -.006300       -.007046       -.007874       -.008728       -.009459       -.009924       -.009993       -.009620
       -.008826       -.007717       -.006388       -.004943       -.003467       -.002068       -.000825        .000184
        .000921        .001367        .001579        .001640        .001645        .001636        .001642        .001651
        .001652        .001620        .001581        .001562        .001596        .001659        .001728        .001753
        .001697        .001521        .001232        .000839        .000344       -.000294       -.001110       -.002137
       -.003369       -.004775       -.006261       -.007720       -.009046       -.010177       -.011052       -.011629
       -.011861       -.011725       -.011200       -.010317       -.009161       -.007891       -.006665       -.005629
       -.004863       -.004395       -.004174       -.004122       -.004149       -.004190       -.004174       -.004035
       -.003707       -.003158       -.002385       -.001456       -.000500        .000301        .000793        .000882
        .000572       -.000056       -.000858       -.001693       -.002470       -.003176       -.003840       -.004514
       -.005224       -.005963       -.006668       -.007256       -.007653       -.007832       -.007800       -.007611
       -.007332       -.007032       -.006746       -.006472       -.006169       -.005781       -.005243       -.004513
       -.003582       -.002490       -.001304       -.000109        .001020        .002032        .002914        .003683
        .004366        .004977        .005512        .005945        .006242        .006382        .006371        .006245
        .006057        .005859        .005676        .005502        .005301        .005034        .004678        .004245
        .003784        .003363        .003043        .002853        .002779        .002780        .002801        .002801
        .002769        .002719        .002663        .002588        .002446        .002169        .001694        .001007
        .000169       -.000683       -.001386       -.001801       -.001870       -.001626       -.001195       -.000734
       -.000369       -.000138       -.000005        .000130        .000373        .000810        .001460        .002301
        .003283        .004367        .005504        .006638        .007685        .008547        .009105        .009288
        .009098        .008651        .008119        .007689        .007489        .007557        .007806        .008093
        .008271        .008274        .008100        .007810        .007469        .007117        .006713        .006179
        .005435        .004476        .003350        .002172        .001065        .000144       -.000560       -.001062
       -.001411       -.001626       -.001716       -.001661       -.001451       -.001082       -.000617       -.000135
        .000285        .000633        .000927        .001236        .001617        .002109        .002654        .003138
        .003415        .003391        .003018        .002345        .001486        .000616       -.000137       -.000682
       -.001002       -.001099       -.001022       -.000802       -.000455        .000049        .000711        .001517
        .002401        .003288        .004052        .004595        .004856        .004872        .004712        .004493
        .004315        .004264        .004333        .004467        .004571        .004591        .004483        .004260
        .003950        .003606        .003213        .002720        .002040        .001136       -.000004       -.001304
       -.002637       -.003832       -.004786       -.005468       -.005928       -.006227       -.006437       -.006564
       -.006553       -.006285       -.005696       -.004789       -.003666       -.002470       -.001378       -.000508
        .000102        .000517        .000804        .001018        .001145        .001153        .000960        .000529
       -.000129       -.000913       -.001735       -.002514       -.003232       -.003880       -.004495       -.005087
       -.005638       -.006077       -.006368       -.006500       -.006514       -.006439       -.006316       -.006131
       -.005833       -.005335       -.004621       -.003742       -.002829       -.002006       -.001381       -.000957
       -.000647       -.000284        .000242        .000956        .001763        .002530        .003106        .003434
        .003565        .003656        .003832        .004146        .004519        .004797        .004779        .004338
        .003465        .002301        .001032       -.000163       -.001183       -.001993       -.002645       -.003191
       -.003659       -.004008       -.004203       -.004216       -.004066       -.003788       -.003455       -.003114
       -.002785       -.002447       -.002097       -.001750       -.001448       -.001206       -.001027       -.000848
       -.000575       -.000096        .000625        .001532        .002477        .003292        .003811        .003953
        .003720        .003196        .002459        .001568        .000536       -.000612       -.001841       -.003056
       -.004128       -.004914       -.005360       -.005503       -.005482       -.005451       -.005544       -.005789
       -.006110       -.006349       -.006365       -.006082       -.005526       -.004794       -.004032       -.003372
       -.002904       -.002663       -.002664       -.002903       -.003358       -.003954       -.004576       -.005051
       -.005198       -.004874       -.004051       -.002827       -.001415       -.000061        .001020        .001713
        .002024        .002065        .001971        .001858        .001774        .001709        .001603        .001398
        .001069        .000643        .000182       -.000230       -.000521       -.000646       -.000617       -.000498
       -.000388       -.000387       -.000568       -.000935       -.001415       -.001868       -.002147       -.002151
       -.001876       -.001423       -.000967       -.000685       -.000687       -.000964       -.001397       -.001811
       -.002050       -.002036       -.001789       -.001403       -.000982       -.000588       -.000217        .000180
        .000646        .001173        .001676        .002026        .002101        .001851        .001330        .000677
        .000065       -.000371       -.000584       -.000620       -.000582       -.000575       -.000639       -.000738
       -.000774       -.000645       -.000290        .000272        .000950        .001611        .002140        .002478
        .002636        .002670        .002655        .002639        .002618        .002546        .002362        .002026
        .001546        .000975        .000405       -.000079       -.000421       -.000621       -.000710       -.000741
       -.000755       -.000770       -.000773       -.000741       -.000665       -.000571       -.000500       -.000498
       -.000585       -.000738       -.000879       -.000912       -.000751       -.000371        .000192        .000842
        .001464        .001956        .002280        .002452        .002528        .002552        .002541        .002461
        .002247        .001840        .001238        .000510       -.000209       -.000769       -.001042       -.000974
       -.000604       -.000045        .000560        .001079        .001424        .001548        .001452        .001154
        .000695        .000128       -.000452       -.000917       -.001116       -.000924       -.000276        .000794
        .002150        .003583        .004885        .005901        .006572        .006926        .007054        .007054
        .006993        .006883        .006709        .006450        .006109        .005713        .005314        .004962
        .004687        .004488        .004354        .004266        .004210        .004169        .004129        .004063
        .003949        .003761        .003498        .003173        .002802        .002378        .001877        .001260
        .000507       -.000353       -.001216       -.001927       -.002331       -.002342       -.001982       -.001390
       -.000769       -.000314       -.000125       -.000186       -.000378       -.000554       -.000603       -.000503
       -.000319       -.000159       -.000105       -.000174       -.000306       -.000401       -.000362       -.000138
        .000268        .000808        .001431        .002101        .002803        .003531        .004264        .004956
        .005541        .005947        .006123        .006045        .005723        .005187        .004480        .003658
        .002786        .001939        .001188        .000576        .000094       -.000320       -.000775       -.001376
       -.002180       -.003154       -.004183       -.005102       -.005755       -.006048       -.005986       -.005658
       -.005192       -.004702       -.004253       -.003847       -.003450       -.003023       -.002560       -.002097
       -.001696       -.001413       -.001282       -.001289       -.001390       -.001518       -.001626       -.001695
       -.001740       -.001794       -.001903       -.002095       -.002379       -.002733       -.003131       -.003544
       -.003949       -.004326       -.004663       -.004943       -.005146       -.005242       -.005214       -.005061
       -.004806       -.004479       -.004127       -.003780       -.003452       -.003121       -.002767       -.002373
       -.001947       -.001522       -.001157       -.000910       -.000819       -.000871       -.001031       -.001243
       -.001462       -.001658       -.001844       -.002044       -.002279       -.002529       -.002745       -.002849
       -.002765       -.002437       -.001875       -.001140       -.000337        .000443        .001128        .001709
        .002228        .002772        .003410        .004173        .005019        .005864        .006577        .007038
        .007174        .006990        .006540        .005908        .005172        .004393        .003579        .002724
        .001823        .000915        .000054       -.000682       -.001233       -.001559       -.001684       -.001667
       -.001586       -.001492       -.001430       -.001404       -.001410       -.001420       -.001427       -.001432
       -.001446       -.001473       -.001530       -.001630       -.001785       -.001973       -.002171       -.002336
       -.002425       -.002393       -.002248       -.002035       -.001826       -.001675       -.001614       -.001611
       -.001600       -.001486       -.001233       -.000871       -.000500       -.000234       -.000173       -.000339
       -.000673       -.001042       -.001332       -.001475       -.001488       -.001430       -.001394       -.001441
       -.001585       -.001779       -.001987       -.002189       -.002413       -.002691       -.003065       -.003532
       -.004043       -.004498       -.004810       -.004919       -.004815       -.004503       -.004026       -.003414
       -.002702       -.001910       -.001096       -.000334        .000290        .000733        .000984        .001103
        .001186        .001354        .001672        .002145        .002711        .003285        .003766        .004088
        .004227        .004210        .004065        .003817        .003477        .003068        .002604        .002127
        .001690        .001368        .001202        .001199        .001319        .001503        .001664        .001737
        .001688        .001550        .001375        .001235        .001183        .001253        .001416        .001617
        .001786        .001886        .001905        .001874        .001836        .001847        .001919        .002034
        .002145        .002230        .002276        .002312        .002381        .002536        .002774        .003049
        .003277        .003390        .003347        .003174        .002948        .002785        .002756        .002873
        .003072        .003255        .003308        .003173        .002860        .002464        .002102        .001880
        .001850        .002000        .002244        .002467        .002559        .002462        .002165        .001717
        .001201        .000724        .000353        .000113       -.000027       -.000131       -.000291       -.000568
       -.000976       -.001444       -.001855       -.002074       -.002004       -.001622       -.001016       -.000359
        .000144        .000338        .000153       -.000356       -.001038       -.001696       -.002182       -.002442
       -.002537       -.002593       -.002760       -.003119       -.003651       -.004226       -.004675       -.004851
       -.004699       -.004272       -.003722       -.003226       -.002918       -.002826       -.002887       -.002973
       -.002958       -.002764       -.002402       -.001948       -.001498       -.001114       -.000811       -.000557
       -.000305       -.000026        .000254        .000475        .000565        .000495        .000282       -.000001
       -.000262       -.000416       -.000437       -.000353       -.000229       -.000126       -.000084       -.000098
       -.000135       -.000150       -.000122       -.000067       -.000030       -.000057       -.000192       -.000443
       -.000790       -.001180       -.001569       -.001920       -.002226       -.002494       -.002753       -.003027
       -.003329       -.003638       -.003912       -.004086       -.004094       -.003881       -.003444       -.002831
       -.002145       -.001511       -.001053       -.000846       -.000893       -.001114       -.001381       -.001554
       -.001531       -.001280       -.000850       -.000348        .000100        .000406        .000534        .000515
        .000418        .000327        .000285        .000292        .000308        .000282        .000175       -.000010
       -.000238       -.000445       -.000584       -.000633       -.000600       -.000509       -.000382       -.000217
        .000013        .000353        .000827        .001426        .002094        .002754        .003315        .003711
        .003916        .003949        .003849        .003662        .003421        .003152        .002860        .002550
        .002225        .001896        .001569        .001247        .000933        .000647        .000417        .000290
        .000313        .000520        .000906        .001423        .001986        .002506        .002906        .003149
        .003244        .003240        .003192        .003145        .003112        .003080        .003005        .002843
        .002554        .002133        .001595        .000991        .000391       -.000118       -.000467       -.000615
       -.000574       -.000395       -.000175       -.000014        .000018       -.000081       -.000250       -.000380
       -.000356       -.000104        .000368        .000968        .001542        .001933        .002015        .001733
        .001102        .000205       -.000856       -.001962       -.003001       -.003850       -.004398       -.004550
       -.004266       -.003579       -.002627       -.001618       -.000781       -.000274       -.000133       -.000245
       -.000387       -.000309        .000149        .000997        .002081        .003162        .003996        .004452
        .004551        .004450        .004346        .004382        .004576        .004827        .004960        .004831
        .004400        .003766        .003113        .002639        .002465        .002596        .002918        .003256
        .003432        .003338        .002927        .002220        .001275        .000186       -.000941       -.001974
       -.002767       -.003183       -.003161       -.002741       -.002084       -.001424       -.001004       -.000976
       -.001347       -.001964       -.002587       -.002975       -.002987       -.002623       -.002027       -.001412
       -.000977       -.000820       -.000927       -.001184       -.001440       -.001564       -.001505       -.001295
       -.001024       -.000786       -.000652       -.000634       -.000693       -.000753       -.000751       -.000651
       -.000465       -.000228        .000003        .000189        .000308        .000365        .000357        .000267
        .000058       -.000307       -.000844       -.001514       -.002220       -.002821       -.003192       -.003267
       -.003073       -.002716       -.002345       -.002078       -.001962       -.001943       -.001923       -.001801
       -.001545       -.001199       -.000880       -.000719       -.000802       -.001132       -.001649       -.002253
       -.002860       -.003416       -.003911       -.004348       -.004721       -.004997       -.005133       -.005099
       -.004896       -.004551       -.004107       -.003597       -.003030       -.002399       -.001705       -.000982
       -.000299        .000264        .000645        .000828        .000854        .000792        .000703        .000616
        .000524        .000421        .000325        .000301        .000436        .000794        .001362        .002031
        .002625        .002969        .002962        .002616        .002045        .001402        .000808        .000303
       -.000146       -.000595       -.001063       -.001498       -.001793       -.001841       -.001594       -.001101
       -.000483        .000117        .000603        .000956        .001227        .001481        .001755        .002034
        .002271        .002423        .002502        .002573        .002729        .003032        .003475        .003976
        .004413        .004678        .004723        .004570        .004282        .003913        .003487        .002986
        .002389        .001700        .000982        .000333       -.000146       -.000409       -.000466       -.000384
       -.000238       -.000082        .000087        .000298        .000577        .000897        .001189        .001354
        .001312        .001033        .000564        .000000       -.000547       -.000995       -.001289       -.001411
       -.001358       -.001150       -.000808       -.000387        .000031        .000334        .000437        .000303
       -.000020       -.000429       -.000779       -.000946       -.000867       -.000560       -.000079        .000505
        .001141        .001784        .002406        .002955        .003353        .003495        .003315        .002803
        .002025        .001083        .000111       -.000795       -.001577       -.002230       -.002734       -.003053
       -.003122       -.002899       -.002373       -.001617       -.000768       -.000010        .000529        .000802
        .000863        .000805        .000745        .000742        .000795        .000843        .000852        .000825
        .000829        .000922        .001155        .001499        .001858        .002084        .002087        .001859
        .001494        .001118        .000870        .000806        .000888        .000981        .000966        .000768
        .000412       -.000029       -.000433       -.000729       -.000916       -.001102       -.001394       -.001877
       -.002542       -.003309       -.004000       -.004441       -.004506       -.004199       -.003604       -.002893
       -.002256       -.001887       -.001873       -.002218       -.002827       -.003573       -.004276       -.004791
       -.005024       -.004988       -.004729       -.004338       -.003886       -.003440       -.002988       -.002502
       -.001951       -.001377       -.000830       -.000394       -.000117       -.000020       -.000016        .000017
        .000197        .000542        .001007        .001459        .001766        .001815        .001632        .001323
        .001043        .000865        .000805        .000767        .000623        .000240       -.000373       -.001107
       -.001774       -.002242       -.002434       -.002406       -.002287       -.002259       -.002392       -.002663
       -.002946       -.003126       -.003090       -.002817       -.002350       -.001798       -.001204       -.000575
        .000132        .000911        .001745        .002535        .003161        .003476        .003450        .003137
        .002677        .002195        .001817        .001583        .001482        .001424        .001375        .001325
        .001318        .001371        .001524        .001764        .002053        .002290        .002424        .002413
        .002258        .001941        .001499        .000963        .000385       -.000218       -.000785       -.001269
       -.001627       -.001879       -.002025       -.002090       -.002089       -.002072       -.002041       -.002007
       -.001959       -.001926       -.001873       -.001766       -.001545       -.001207       -.000738       -.000186
        .000380        .000842        .001163        .001359        .001524        .001741        .002110        .002642
        .003269        .003813        .004137        .004146        .003864        .003365        .002819        .002370
        .002107        .001992        .001958        .001905        .001769        .001497        .001130        .000725
        .000346       -.000009       -.000333       -.000648       -.000953       -.001267       -.001531       -.001681
       -.001636       -.001386       -.000923       -.000306        .000383        .001005        .001482        .001770
        .001889        .001857        .001747        .001600        .001436        .001205        .000896        .000511
        .000113       -.000245       -.000463       -.000497       -.000354       -.000144        .000031        .000078
       -.000030       -.000296       -.000646       -.001023       -.001385       -.001757       -.002122       -.002431
       -.002564       -.002403       -.001820       -.000795        .000573        .002035        .003348        .004322
        .004918        .005204        .005362        .005534        .005759        .005903        .005779        .005211
        .004158        .002713        .001141       -.000269       -.001296       -.001907       -.002189       -.002327
       -.002478       -.002740       -.003058       -.003310       -.003357       -.003152       -.002710       -.002130
       -.001528       -.001029       -.000679       -.000492       -.000441       -.000526       -.000702       -.000918
       -.001073       -.001074       -.000795       -.000168        .000804        .002004        .003278        .004455
        .005414        .006074        .006453        .006599        .006575        .006400        .006097        .005672
        .005145        .004524        .003851        .003153        .002456        .001754        .001068        .000426
       -.000119       -.000536       -.000793       -.000902       -.000904       -.000877       -.000864       -.000880
       -.000903       -.000919       -.000916       -.000927       -.001012       -.001250       -.001654       -.002177
       -.002695       -.003079       -.003217       -.003077       -.002716       -.002265       -.001846       -.001536
       -.001336       -.001209       -.001094       -.000969       -.000869       -.000877       -.001054       -.001408
       -.001857       -.002272       -.002504       -.002469       -.002175       -.001742       -.001324       -.001057
       -.000996       -.001105       -.001266       -.001350       -.001270       -.001025       -.000676       -.000312
        .000000        .000240        .000441        .000646        .000871        .001072        .001163        .001054
        .000699        .000123       -.000580       -.001293       -.001932       -.002483       -.002995       -.003535
       -.004125       -.004706       -.005136       -.005248       -.004935       -.004214       -.003238       -.002243
       -.001455       -.000994       -.000835       -.000838       -.000829       -.000697       -.000450       -.000201
       -.000092       -.000204       -.000501       -.000835       -.001027       -.000957       -.000632       -.000183
        .000207        .000402        .000379        .000232        .000110        .000128        .000285        .000466
        .000505        .000286       -.000194       -.000818       -.001409       -.001822       -.002040       -.002168
       -.002384       -.002822       -.003512       -.004349       -.005150       -.005732       -.006017       -.006043
       -.005923       -.005752       -.005562       -.005286       -.004813       -.004052       -.003027       -.001865
       -.000762        .000131        .000748        .001157        .001507        .001963        .002603        .003396
        .004214        .004914        .005371        .005538        .005435        .005128        .004667        .004087
        .003408        .002676        .001947        .001299        .000787        .000434        .000184       -.000059
       -.000396       -.000860       -.001428       -.002008       -.002493       -.002784       -.002868       -.002785
       -.002617       -.002414       -.002209       -.001990       -.001726       -.001381       -.000967       -.000519
       -.000087        .000319        .000698        .001082        .001495        .001959        .002431        .002841
        .003105        .003178        .003039        .002721        .002285        .001829        .001422        .001125
        .000964        .000968        .001119        .001384        .001700        .002013        .002249        .002357
        .002317        .002165        .001942        .001707        .001495        .001346        .001258        .001230
        .001259        .001380        .001602        .001926        .002306        .002683        .002952        .003026
        .002850        .002454        .001891        .001250        .000596       -.000015       -.000589       -.001137
       -.001663       -.002103       -.002390       -.002443       -.002238       -.001796       -.001236       -.000697
       -.000302       -.000065        .000059        .000184        .000401        .000758        .001180        .001536
        .001688        .001604        .001341        .001056        .000919        .001051        .001422        .001888
        .002243        .002353        .002174        .001805        .001409        .001159        .001097        .001149
        .001147        .000953        .000499       -.000148       -.000826       -.001334       -.001569       -.001544
       -.001396       -.001280       -.001339       -.001607       -.002024       -.002441       -.002741       -.002857
       -.002798       -.002598       -.002325       -.002014       -.001686       -.001334       -.000991       -.000705
       -.000534       -.000481       -.000510       -.000527       -.000429       -.000130        .000351        .000917
        .001423        .001766        .001911        .001928        .001952        .002137        .002541        .003109
        .003675        .004053        .004076        .003692        .002968        .002086        .001231        .000549
        .000088       -.000179       -.000356       -.000546       -.000824       -.001188       -.001606       -.002019
       -.002376       -.002629       -.002767       -.002785       -.002689       -.002467       -.002137       -.001733
       -.001321       -.000967       -.000746       -.000691       -.000781       -.000922       -.000990       -.000862
       -.000469        .000189        .001013        .001851        .002539        .002978        .003139        .003087
        .002935        .002813        .002797        .002895        .003046        .003175        .003204        .003105
        .002901        .002657        .002430        .002247        .002085        .001903        .001640        .001268
        .000795        .000275       -.000228       -.000658       -.000992       -.001234       -.001411       -.001550
       -.001657       -.001706       -.001665       -.001504       -.001224       -.000856       -.000468       -.000138
        .000067        .000118        .000021       -.000185       -.000442       -.000694       -.000905       -.001061
       -.001171       -.001246       -.001301       -.001348       -.001394       -.001445       -.001513       -.001610
       -.001738       -.001882       -.002003       -.002047       -.001964       -.001729       -.001362       -.000929
       -.000515       -.000199       -.000016        .000051        .000061        .000075        .000123        .000177
        .000167        .000008       -.000336       -.000834       -.001379       -.001836       -.002094       -.002123
       -.001977       -.001777       -.001637       -.001617       -.001694       -.001790       -.001813       -.001725
       -.001560       -.001413       -.001372       -.001467       -.001634       -.001746       -.001659       -.001298
       -.000692        .000019        .000663        .001096        .001276        .001252        .001151        .001090
        .001129        .001237        .001340        .001362        .001275        .001097        .000893        .000710
        .000547        .000343        .000029       -.000434       -.001003       -.001573       -.001991       -.002135
       -.001959       -.001525       -.000950       -.000369        .000132        .000528        .000861        .001192
        .001556        .001927        .002250        .002457        .002516        .002433        .002270        .002103
        .001989        .001926        .001878        .001785        .001603        .001312        .000953        .000599
        .000329        .000188        .000198        .000338        .000567        .000825        .001078        .001301
        .001482        .001594        .001618        .001527        .001307        .000950        .000495        .000006
       -.000443       -.000807       -.001063       -.001232       -.001353       -.001477       -.001608       -.001719
       -.001747       -.001654       -.001418       -.001072       -.000676       -.000311       -.000007        .000253
        .000530        .000860        .001257        .001660        .001969        .002071        .001927        .001583
        .001166        .000806        .000602        .000553        .000572        .000516        .000290       -.000112
       -.000589       -.000999       -.001196       -.001124       -.000825       -.000438       -.000094        .000120
        .000211        .000232        .000269        .000356        .000463        .000489        .000347        .000003
       -.000490       -.001025       -.001463       -.001716       -.001777       -.001733       -.001686       -.001712
       -.001806       -.001895       -.001848       -.001559       -.000990       -.000227        .000582        .001251
        .001642        .001690        .001453        .001068        .000705        .000488        .000477        .000638
        .000868        .001026        .001013        .000792        .000414       -.000023       -.000389       -.000588
       -.000588       -.000443       -.000254       -.000140       -.000185       -.000426       -.000824       -.001297
       -.001746       -.002106       -.002333       -.002423       -.002385       -.002239       -.001983       -.001614
       -.001126       -.000550        .000069        .000655        .001135        .001437        .001537        .001449
        .001219        .000900        .000544        .000183       -.000171       -.000522       -.000861       -.001165
       -.001393       -.001512       -.001497       -.001366       -.001172       -.001004       -.000945       -.001047
       -.001315       -.001710       -.002155       -.002578       -.002928       -.003194       -.003381       -.003496
       -.003522       -.003423       -.003153       -.002695       -.002085       -.001427       -.000863       -.000532
       -.000510       -.000782       -.001231       -.001685       -.001978       -.002011       -.001787       -.001409
       -.001026       -.000782       -.000753       -.000924       -.001203       -.001466       -.001609       -.001593
       -.001455       -.001288       -.001193       -.001234       -.001405       -.001628       -.001785       -.001759
       -.001480       -.000948       -.000233        .000557        .001316        .001974        .002506        .002926
        .003259        .003518        .003694        .003762        .003706        .003543        .003320        .003105
        .002959        .002906        .002916        .002916        .002820        .002574        .002171        .001656
        .001100        .000571        .000089       -.000382       -.000910       -.001556       -.002345       -.003236
       -.004134       -.004902       -.005424       -.005621       -.005466       -.004969       -.004172       -.003119
       -.001859       -.000440        .001059        .002535        .003857        .004911        .005593        .005857
        .005706        .005199        .004413        .003434        .002351        .001272        .000303       -.000432
       -.000823       -.000781       -.000305        .000521        .001522        .002492        .003222        .003573
        .003506        .003100        .002485        .001814        .001199        .000708        .000337        .000060
       -.000154       -.000289       -.000325       -.000226        .000014        .000384        .000818        .001245
        .001601        .001875        .002071        .002220        .002343        .002453        .002520        .002508
        .002391        .002196        .001973        .001802        .001756        .001886        .002169        .002532
        .002859        .003052        .003031        .002781        .002345        .001832        .001347        .000980
        .000767        .000706        .000737        .000793        .000832        .000875        .000973        .001196
        .001581        .002120        .002708        .003198        .003440        .003366        .002988        .002415
        .001796        .001283        .000930        .000710        .000517        .000256       -.000142       -.000663
       -.001232       -.001729       -.002075       -.002242       -.002267       -.002195       -.002093       -.001988
       -.001884       -.001749       -.001571       -.001350       -.001102       -.000825       -.000529       -.000214
        .000103        .000400        .000612        .000678        .000562        .000302       -.000022       -.000291
       -.000405       -.000306       -.000029        .000337        .000680        .000933        .001065        .001095
        .001052        .000964        .000808        .000549        .000160       -.000324       -.000836       -.001280
       -.001588       -.001738       -.001792       -.001849       -.002005       -.002278       -.002624       -.002930
       -.003075       -.002968       -.002610       -.002075       -.001487       -.000954       -.000555       -.000303
       -.000167       -.000075        .000029        .000182        .000385        .000626        .000862        .001051
        .001157        .001179        .001127        .001042        .000966        .000938        .000953        .000967
        .000912        .000734        .000414       -.000004       -.000430       -.000751       -.000902       -.000887
       -.000792       -.000733       -.000817       -.001073       -.001446       -.001808       -.002038       -.002078
       -.001974       -.001844       -.001839       -.002049       -.002458       -.002935       -.003307       -.003429
       -.003268       -.002911       -.002543       -.002345       -.002418       -.002087       -.002137        .000000
        .000000        .000000        .000000        .000000        .000000        .000000        .000000        .000000
