0.0026266
0.0026411
0.0026556
-0.0013307
0.017304
0.0016374
-0.011067
-0.016952
0.0016813
0.0016959
0.0017106
0.020406
0.013521
-0.010064
-0.00018931
0.0017845
0.0017994
0.0018142
0.0018291
0.0077251
-0.00206
-0.016745
-0.01673
-0.016715
-0.00299
-0.016685
-0.0029599
-0.0058848
0.0019794
0.0019945
0.0020097
0.0020249
-0.015579
-0.016564
-0.0067584
0.0020858
0.0021011
-0.0047525
-0.016487
-0.033172
-0.016456
-0.016441
-0.0027157
0.01989
0.0022242
0.013031
0.0042172
0.0022707
0.0022862
0.0023018
0.0023173
0.015114
-0.0084705
-0.016255
0.0023798
0.0092664
0.0082921
0.0024268
0.0024425
0.0024582
0.017155
0.037771
0.014286
-0.0092977
-0.016082
0.0025529
0.0025687
-0.011134
0.0026004
0.0026163
0.013423
-0.011071
-0.015955
-0.023839
-0.020823
-0.015907
-0.0051212
0.021425
0.021441
0.0047378
0.021473
0.021489
0.0038049
0.021521
0.021537
0.0067931
0.0028882
0.0097753
0.0097914
0.0029366
0.017634
-0.01465
-0.048034
-0.069618
-0.028402
-0.015585
-0.015569
0.0089469
0.039363
0.012909
0.021796
0.026712
0.039428
0.024744
0.021861
0.013987
0.003212
-0.014391
-0.042874
-0.070358
-0.070342
-0.072226
-0.088909
-0.077093
-0.036877
0.0072797
0.048456
0.10537
0.11239
0.071105
0.036821
-0.026962
-0.070146
-0.07793
-0.088713
-0.051397
-0.033781
-0.022964
-0.030748
-0.010131
0.029085
0.028101
-0.013082
-0.0061661
0.04095
0.058667
0.039983
0.034099
-0.0011742
-0.031568
-0.040352
0.012615
-0.033519
-0.069802
-0.063886
-0.0069698
0.054847
0.077463
0.077479
0.077496
0.058912
0.011798
-0.014655
-0.014639
0.0020372
-0.0068065
-0.0086902
-0.067574
-0.065558
-0.050841
-0.050825
0.0070512
0.040408
0.016924
-0.03016
-0.036044
-0.059527
-0.055611
-0.015395
-0.056579
-0.069363
-0.036946
-0.0084302
0.038686
0.059302
0.077918
0.077934
0.068151
-0.0024833
-0.053517
-0.083901
-0.11859
-0.15957
-0.15655
-0.12354
-0.047521
0.027095
0.097711
0.15653
0.17054
0.18156
0.12558
0.096791
0.075307
-0.018877
-0.058161
-0.0021953
0.014501
-0.064914
-0.1193
-0.14228
-0.14227
-0.14225
-0.11223
-0.020719
0.089197
0.13381
0.13383
0.17084
0.14186
0.055875
-0.016709
-0.056894
-0.068678
-0.068663
-0.11305
-0.13303
-0.082316
-0.067601
-0.038085
0.0089702
0.023746
0.023761
0.023776
0.050192
0.11611
0.053222
-0.075263
-0.12285
-0.023232
0.049383
0.085698
0.079813
0.047428
-0.032957
-0.097742
-0.10373
-0.080012
-0.079997
-0.086882
-0.027967
-0.013252
0.00047272
0.063278
0.15139
0.17841
0.13842
0.11344
0.065351
-0.016134
-0.04942
-0.060205
-0.10749
-0.12248
-0.16446
-0.18945
-0.17843
-0.19642
-0.1874
-0.12239
-0.042476
0.0056572
-0.0011976
0.022367
0.076381
0.072395
0.078309
0.15772
0.15174
0.10485
0.068564
0.077378
0.057792
0.034306
0.024519
0.042133
0.084347
0.07746
0.014724
-0.055913
-0.1341
-0.22809
-0.27007
-0.29706
-0.34405
-0.37703
-0.35902
-0.29201
-0.18599
-0.14298
-0.092968
-0.0047546
0.12706
0.26707
0.36708
0.3481
0.15711
-0.10988
-0.25787
-0.24885
-0.17784
-0.22683
-0.35882
-0.4768
-0.61479
-0.74778
-0.85377
-0.85975
-0.64974
-0.28073
0.14228
0.51829
0.71331
0.67832
0.39433
-0.075059
-0.53965
-0.73564
-0.60762
-0.19561
0.3554
0.88041
1.2374
1.4274
1.4974
1.6775
1.9875
2.1575
2.0875
1.8175
1.4575
1.1075
0.77153
0.42754
0.15955
-0.037537
-0.24543
-0.44442
-0.55041
-0.5304
-0.39039
-0.25238
-0.20037
-0.23636
-0.36035
-0.43434
-0.32233
-0.18632
-0.16531
-0.3013
-0.47229
-0.68428
-0.90627
-1.0923
-1.1423
-1.0422
-0.88723
-0.68122
-0.48621
-0.38721
-0.3172
-0.26819
-0.25118
-0.29817
-0.42616
-0.60815
-0.75515
-0.80314
-0.70513
-0.51112
-0.34211
-0.25711
-0.2721
-0.28709
-0.27508
-0.28707
-0.22407
-0.09706
0.013838
0.066855
0.099162
0.12397
0.18898
0.25498
0.34999
0.515
0.675
0.76901
0.84002
0.87002
0.90203
1.018
1.178
1.178
1.0981
1.0081
0.88507
0.75007
0.68008
0.70908
0.81609
0.94009
1.0481
1.0781
1.0281
0.87911
0.66712
0.45512
0.20213
-0.071367
-0.38686
-0.67286
-0.94885
-1.1918
-1.4018
-1.5018
-1.5018
-1.4018
-1.2618
-1.1718
-1.1118
-1.0818
-1.0918
-1.0418
-0.91181
-0.76581
-0.5828
-0.4378
-0.3818
-0.3588
-0.30579
-0.13779
0.073911
0.25921
0.40422
0.49322
0.46022
0.33622
0.20622
0.088625
-0.051574
-0.18377
-0.25977
-0.22677
-0.056469
0.13323
0.28923
0.39623
0.38823
0.30323
0.22823
0.27224
0.40024
0.54224
0.64024
0.71024
0.78123
0.83423
0.74923
0.59423
0.48223
0.38623
0.27523
0.20423
0.20823
0.27623
0.35523
0.50522
0.65222
0.64022
0.51122
0.40222
0.37222
0.35621
0.33021
0.20921
-0.062394
-0.4628
-0.8328
-1.0218
-0.93581
-0.73281
-0.47981
-0.22782
-0.17682
-0.25382
-0.32283
-0.25983
-0.083034
0.12316
0.32716
0.45715
0.44415
0.21514
-0.19786
-0.50787
-0.54887
-0.29788
0.038519
0.34411
0.68811
0.8381
0.7261
0.51509
0.28209
0.14308
0.24107
0.33607
0.21506
0.098354
0.080647
0.07184
-0.095967
-0.30797
-0.46298
-0.61499
-0.7
-0.729
-0.67101
-0.57102
-0.45303
-0.35203
-0.32804
-0.33405
-0.23106
-0.011668
0.057023
0.074614
0.16091
0.2119
0.21289
0.15288
0.15287
0.29986
0.44985
0.39684
0.18283
0.08732
0.12281
0.1698
0.28279
0.38278
0.38377
0.23976
0.051846
-0.13627
-0.27628
-0.32829
-0.3763
-0.45631
-0.52732
-0.55033
-0.59435
-0.64936
-0.53037
-0.40938
-0.49839
-0.65141
-0.68442
-0.66543
-0.76245
-0.95946
-1.0725
-1.1025
-1.1325
-1.1825
-1.2125
-1.2825
-1.3026
-1.3026
-1.3426
-1.4026
-1.4726
-1.4726
-1.4526
-1.3927
-1.2927
-1.1327
-0.8917
-0.59671
-0.39873
-0.28074
-0.18076
-0.009476
0.20221
0.39919
0.60618
0.78916
0.96514
1.1671
1.3871
1.6371
1.9171
2.1471
2.257
2.337
2.357
2.327
2.337
2.367
2.4169
2.4269
2.4769
2.5069
2.4169
2.2068
2.0068
1.9168
1.8368
1.6468
1.4568
1.2267
1.0167
0.7777
0.48568
0.20466
-0.011058
-0.15238
-0.2934
-0.42342
-0.48344
-0.50746
-0.54248
-0.6855
-0.92652
-1.1535
-1.4136
-1.7636
-2.0436
-2.2136
-2.2636
-2.2037
-2.1337
-2.0637
-1.9237
-1.7737
-1.7138
-1.7838
-1.9238
-2.0138
-1.9139
-1.7239
-1.5039
-1.2739
-1.0539
-0.81196
-0.56899
-0.31601
0.085469
0.54695
1.0159
1.4859
1.9159
2.2959
2.5858
2.7758
2.8858
2.8258
2.7557
2.6857
2.5857
2.5357
2.4456
2.3456
2.1756
1.8256
1.4955
1.2455
0.9665
0.52548
0.019151
-0.56357
-1.1746
-1.7146
-2.1546
-2.4647
-2.7447
-2.9747
-3.1547
-3.3148
-3.3448
-3.3048
-3.2048
-3.0249
-2.7449
-2.3949
-1.9749
-1.495
-1.145
-0.91103
-0.65805
-0.44008
-0.1821
0.14087
0.39385
0.61882
0.79879
0.99377
1.2847
1.6547
1.9147
2.0247
2.0346
1.9046
1.5946
1.2846
0.99453
0.7475
0.55248
0.37945
0.27642
0.058397
-0.24863
-0.55466
-0.82768
-0.96871
-1.0757
-1.2358
-1.3158
-1.2358
-1.0958
-0.98087
-1.1059
-1.2859
-1.286
-1.136
-0.87201
-0.47404
-0.081365
0.22591
0.39988
0.50685
0.64283
0.7208
0.67277
0.45174
0.063515
-0.41131
-0.75234
-0.96037
-1.0664
-1.0564
-0.95745
-0.84048
-0.70451
-0.50553
-0.30956
-0.12159
0.083783
0.33236
0.59133
0.9553
1.3233
1.5632
1.6632
1.7632
1.9132
2.0431
2.0631
2.0431
2.073
2.153
2.163
2.163
2.2229
2.2229
2.1629
2.1529
2.2128
2.1928
2.0528
1.7627
1.4127
1.2427
1.1727
1.0326
0.64761
0.11258
-0.46145
-0.84748
-1.0275
-1.1075
-1.0876
-1.0276
-0.98361
-1.1676
-1.5377
-1.9477
-2.2677
-2.4678
-2.4478
-2.1778
-1.7478
-1.3779
-1.2579
-1.2679
-1.3679
-1.528
-1.648
-1.618
-1.398
-1.0181
-0.5271
0.0067706
0.48984
0.79582
1.0918
1.2618
1.2717
1.1317
0.88768
0.68866
0.51263
0.44161
0.49258
0.53455
0.49853
0.3205
0.024974
-0.35155
-0.70558
-0.9396
-1.0486
-1.0487
-1.0087
-1.0287
-1.1687
-1.2788
-1.2188
-0.90681
-0.59983
-0.33986
-0.13388
-0.13691
-0.17593
-0.13996
-0.048984
0.057891
0.21097
0.39294
0.57792
0.69789
0.59187
0.26584
-0.07568
-0.5302
-1.0692
-1.3993
-1.5293
-1.6393
-1.7493
-1.8093
-1.7994
-1.6894
-1.5094
-1.2994
-1.0695
-0.81849
-0.48651
-0.11453
0.30144
0.74542
1.1704
1.5404
1.7904
1.9303
2.0203
2.0303
2.0103
2.0302
1.9402
1.6802
1.2402
0.58515
-0.13487
-0.71889
-0.82991
-0.56193
-0.20795
0.016725
0.169
0.22698
0.18496
-0.071659
-0.45808
-0.7701
-0.80012
-0.58414
-0.32516
-0.14018
-0.0414
0.23178
0.62276
0.98274
1.2097
1.3197
1.3297
1.2697
1.1496
1.0896
1.0696
1.1196
1.2196
1.2796
1.1595
0.70451
0.2155
-0.068221
-0.18954
-0.18456
-0.12357
-0.11559
-0.15561
-0.20263
-0.22264
-0.10466
0.077822
0.31831
0.53729
0.69627
0.82626
0.94424
1.0192
0.90321
0.55119
0.090376
-0.28884
-0.62686
-1.0309
-1.4909
-1.8309
-1.9509
-1.7409
-1.4109
-1.151
-0.99197
-0.85099
-0.678
-0.85402
-1.041
-0.83805
-0.35106
0.26493
0.88391
1.5089
1.8889
1.7889
1.4389
1.2288
1.2188
1.2088
1.0388
0.6368
0.087086
-0.45523
-0.93724
-1.1613
-0.98626
-0.67227
-0.28128
0.034004
0.10669
0.056582
-0.037629
-0.10834
-0.19735
-0.071061
0.29963
0.64362
0.65461
0.5496
0.44759
0.42358
0.41457
0.29056
0.071151
-0.10746
-0.20747
-0.23848
-0.11149
0.093706
0.2065
0.16549
0.0073106
-0.13353
-0.31954
-0.57254
-0.85455
-1.0816
-1.0916
-0.91157
-0.60558
-0.41159
-0.3516
-0.3346
-0.35561
-0.43562
-0.57262
-0.70563
-0.77063
-0.73864
-0.74465
-0.76765
-0.75966
-0.67266
-0.58467
-0.58567
-0.64468
-0.74769
-0.85069
-0.85369
-0.7477
-0.5887
-0.43571
-0.32171
-0.20172
-0.025222
0.19627
0.40627
0.54727
0.71126
0.90026
1.0883
1.2683
1.4082
1.5082
1.5482
1.5582
1.5582
1.5182
1.4382
1.3182
1.0582
0.70323
0.51122
0.46122
0.42022
0.42722
0.45022
0.47422
0.45321
0.41221
0.32821
0.21421
0.10221
0.018809
-0.035191
0.011908
0.11421
0.14421
0.16321
0.15221
0.084507
-0.055793
-0.27079
-0.59179
-0.91979
-1.1218
-1.2218
-1.2618
-1.3618
-1.5018
-1.5718
-1.5418
-1.4818
-1.3218
-1.1218
-0.90678
-0.67678
-0.45278
-0.26378
-0.075374
0.091428
0.24023
0.30523
0.29123
0.27924
0.30224
0.29424
0.27124
0.23225
0.16225
0.12725
0.15326
0.18126
0.13726
0.089465
0.096368
0.13127
0.17928
0.26628
0.32828
0.36129
0.34729
0.38329
0.4763
0.6093
0.69631
0.69631
0.68331
0.64232
0.62332
0.61233
0.60433
0.62534
0.65634
0.71535
0.76835
0.78436
0.73236
0.62337
0.47037
0.37638
0.30538
0.27539
0.29539
0.3014
0.2784
0.25441
0.23642
0.22642
0.21843
0.21543
0.19944
0.18644
0.16345
0.21546
0.27646
0.27647
0.21148
0.13348
0.026889
-0.090805
-0.2085
-0.32649
-0.45849
-0.59848
-0.70947
-0.82746
-0.95246
-1.0115
-0.98844
-0.91744
-0.86743
-0.87342
-0.90742
-0.98741
-1.0114
-0.98239
-0.87439
-0.72038
-0.58437
-0.46637
-0.34836
-0.23335
-0.13034
0.011465
0.19367
0.35568
0.50669
0.6427
0.7167
0.72771
0.70372
0.64573
0.52773
0.36874
0.16675
-0.084641
-0.37323
-0.65723
-0.86822
-1.0312
-1.1412
-1.2312
-1.3312
-1.4312
-1.4512
-1.4212
-1.3512
-1.2011
-1.0211
-0.83613
-0.72512
-0.67311
-0.6351
-0.58409
-0.46609
-0.34808
-0.19607
-0.05696
0.060749
0.19196
0.31497
0.43797
0.57998
0.67199
0.67
0.59201
0.47102
0.34703
0.23003
0.13204
0.077551
0.05106
0.027469
0.016777
0.052086
0.099094
0.1561
0.27111
0.44812
0.59013
0.69614
0.73315
0.75615
0.79816
0.88217
0.95618
0.99819
1.0092
0.97821
0.93422
0.90322
0.85523
0.82624
0.75025
0.62526
0.46027
0.27728
0.11228
-0.039907
-0.1457
-0.23169
-0.27868
-0.32567
-0.37266
-0.41366
-0.44865
-0.51264
-0.55763
-0.56362
-0.52561
-0.46061
-0.4196
-0.40659
-0.40658
-0.40657
-0.38956
-0.34256
-0.35055
-0.37554
-0.38753
-0.35752
-0.24551
-0.10451
0.049502
0.21451
0.39252
0.51553
0.60953
0.72254
0.81655
0.91056
0.98857
0.96657
0.91058
0.84059
0.7896
0.76561
0.71961
0.64862
0.56363
0.51664
0.48264
0.43965
0.33566
0.19467
0.084075
0.029083
-0.04151
-0.1003
-0.094495
-0.029688
0.01742
0.0056169
-0.0012468
-0.0081086
-0.043451
-0.10724
-0.18524
-0.29423
-0.36022
-0.38822
-0.41221
-0.4362
-0.4752
-0.56819
-0.67818
-0.74617
-0.75517
-0.72716
-0.68015
-0.66315
-0.68214
-0.68214
-0.68213
-0.66412
-0.63712
-0.59811
-0.5751
-0.5121
-0.44109
-0.37108
-0.30008
-0.25107
-0.20407
-0.15706
-0.14705
-0.10605
-0.082443
-0.042237
0.026468
0.097074
0.15398
0.25699
0.32199
0.369
0.432
0.50001
0.56201
0.66902
0.75102
0.80403
0.76103
0.67604
0.54004
0.35105
0.17505
0.026558
-0.12694
-0.21193
-0.28293
-0.36992
-0.38692
-0.38691
-0.40391
-0.40591
-0.3889
-0.3299
-0.22189
-0.10389
0.0030554
0.082519
0.070724
0.054127
0.054131
0.071735
0.072739
0.072743
0.043346
0.03445
0.010953
-0.024343
-0.05474
-0.10384
-0.18283
-0.29083
-0.42783
-0.50382
-0.51582
-0.49982
-0.43081
-0.33581
-0.24181
-0.11181
0.048297
0.1802
0.2972
0.4102
0.48221
0.56421
0.67621
0.76721
0.83822
0.92322
1.0102
1.0602
1.0802
1.0202
0.93423
0.90223
0.84123
0.77023
0.71724
0.63624
0.52624
0.45024
0.38024
0.33624
0.34824
0.37824
0.41425
0.43825
0.45925
0.45925
0.44625
0.40525
0.33125
0.23625
0.14225
0.068953
-0.008576
-0.12675
-0.26775
-0.42474
-0.55074
-0.69274
-0.85174
-1.0197
-1.1497
-1.2297
-1.3197
-1.4097
-1.5097
-1.5697
-1.5797
-1.5597
-1.4997
-1.3697
-1.2197
-1.0797
-0.92575
-0.79775
-0.70675
-0.60375
-0.53175
-0.47175
-0.37775
-0.31675
-0.24676
-0.16776
-0.11576
-0.05466
-0.0076111
0.050237
0.12224
0.20423
0.22823
0.23823
0.23823
0.19623
0.15223
0.097324
0.047322
-0.01548
-0.049782
-0.090984
-0.11579
-0.13879
-0.16279
-0.16479
-0.1348
-0.099798
-0.025301
0.061997
0.12719
0.22119
0.31419
0.38519
0.44418
0.47618
0.45618
0.41617
0.35917
0.33117
0.33617
0.38016
0.43516
0.50016
0.54115
0.55115
0.56915
0.61514
0.67214
0.74313
0.81413
0.90913
1.0001
1.0301
0.97412
0.84811
0.69311
0.5081
0.3071
0.1541
0.011892
-0.11091
-0.24392
-0.33592
-0.40592
-0.45293
-0.50993
-0.56594
-0.57394
-0.57495
-0.50295
-0.40896
-0.26896
-0.14696
-0.05297
0.059826
0.16102
0.26702
0.36101
0.43701
0.514
0.561
0.58799
0.57599
0.51798
0.43098
0.30997
0.14497
-0.033439
-0.22204
-0.38205
-0.50206
-0.58106
-0.64907
-0.69707
-0.73108
-0.73708
-0.71909
-0.72809
-0.7221
-0.7171
-0.70711
-0.70712
-0.70012
-0.71913
-0.71013
-0.68714
-0.64315
-0.57815
-0.52016
-0.48216
-0.43717
-0.38217
-0.31118
-0.25919
-0.17019
-0.078699
0.023295
0.097889
0.16078
0.20778
0.25477
0.32976
0.40376
0.45175
0.48375
0.57774
0.64773
0.67873
0.70172
0.73471
0.76671
0.7707
0.74769
0.74669
0.76968
0.74967
0.72667
0.71666
0.69765
0.66965
0.61164
0.52563
0.41563
0.35962
0.31061
0.23961
0.2006
0.19159
0.19759
0.23858
0.25657
0.26857
0.25756
0.25255
0.22955
0.19154
0.14453
0.12753
0.11652
0.060313
-0.010304
-0.0731
-0.12051
-0.18551
-0.23752
-0.32953
-0.43153
-0.54354
-0.63855
-0.73256
-0.79156
-0.81557
-0.81058
-0.79358
-0.77459
-0.7676
-0.7326
-0.68561
-0.59062
-0.48163
-0.40163
-0.31164
-0.20565
-0.085953
0.02384
0.10233
0.21233
0.32732
0.36631
0.41331
0.4503
0.48929
0.49728
0.52128
0.53227
0.47926
0.37726
0.23525
0.094443
-0.064564
-0.17577
-0.25778
-0.29478
-0.31879
-0.3338
-0.31881
-0.33381
-0.36382
-0.38783
-0.38783
-0.39084
-0.41485
-0.41185
-0.36986
-0.27587
-0.19187
-0.10588
0.0069631
0.094306
0.1651
0.21809
0.22409
0.24708
0.25607
0.25607
0.24906
0.24905
0.25605
0.21904
0.21903
0.21903
0.21902
0.21901
0.20801
0.184
0.13899
0.092188
0.058781
0.034275
0.010769
-0.012838
-0.036344
-0.05695
-0.064857
-0.075663
-0.075669
-0.080576
-0.11308
-0.17509
-0.20409
-0.1981
-0.17511
-0.13311
-0.064919
-0.0030847
0.086169
0.16786
0.27986
0.37385
0.41885
0.43884
0.44783
0.45783
0.45782
0.45282
0.41881
0.4028
0.3798
0.33279
0.28479
0.25578
0.20978
0.16277
0.12977
0.08996
0.083154
0.071349
0.037043
-0.035562
-0.13027
-0.23727
-0.37328
-0.47328
-0.58029
-0.67429
-0.7873
-0.8733
-0.94431
-0.99631
-1.0213
-1.0313
-1.0313
-1.0113
-0.99234
-0.93434
-0.88735
-0.83635
-0.75536
-0.64636
-0.52937
-0.42437
-0.35338
-0.31638
-0.26339
-0.17839
-0.093595
0.038801
0.1746
0.29159
0.40959
0.50958
0.62758
0.74558
0.82557
0.89157
0.92856
0.93656
0.91556
0.87755
0.79455
0.71754
0.65054
0.60354
0.54153
0.50853
0.44452
0.39652
0.38452
0.40551
0.42951
0.43851
0.4765
0.4585
0.3875
0.33349
0.30149
0.23049
0.14648
0.089681
0.036778
-0.033925
-0.073128
-0.11953
-0.18253
-0.21754
-0.24054
-0.30554
-0.32455
-0.33055
-0.35155
-0.34555
-0.33456
-0.29956
-0.24856
-0.17856
-0.10757
-0.056468
-0.02117
-0.010402
-0.0025553
-0.045676
-0.083978
-0.094781
-0.13058
-0.16058
-0.19659
-0.22059
-0.24159
-0.24159
-0.25459
-0.2426
-0.2416
-0.2416
-0.2126
-0.1866
-0.1926
-0.1926
-0.16961
-0.17561
-0.18661
-0.15461
-0.14861
-0.11961
-0.094813
-0.094814
-0.054615
-0.031016
-0.0075066
-0.0025985
0.020982
0.044481
0.06808
0.09158
0.11538
0.15138
0.18038
0.20838
0.24638
0.25538
0.25638
0.27338
0.26138
0.25538
0.25138
0.22838
0.21838
0.19938
0.17038
0.14438
0.14438
0.18438
0.22438
0.28238
0.34638
0.39338
0.43138
0.43838
0.41838
0.38738
0.32838
0.29238
0.26038
0.20838
0.17038
0.084683
0.014084
-0.068316
-0.16261
-0.27561
-0.37861
-0.48261
-0.55561
-0.59661
-0.62061
-0.64461
-0.64661
-0.6386
-0.6016
-0.5366
-0.4936
-0.4916
-0.4686
-0.4196
-0.34059
-0.25959
-0.18859
-0.11859
-0.037887
0.041615
0.11442
0.20142
0.26042
0.27342
0.27042
0.25543
0.24043
0.23643
0.23043
0.19644
0.13244
0.06514
0.025942
0.028844
0.033747
0.058249
0.081852
0.12045
0.14646
0.16346
0.17646
0.19946
0.19047
0.15347
0.12947
0.089676
0.082879
0.082882
0.10648
0.10849
0.10849
0.093694
0.071097
0.0652
0.041703
0.018106
-0.0054107
-0.036787
-0.097584
-0.13048
-0.15448
-0.16847
-0.13647
-0.089767
-0.042664
-0.0083304
0.050543
0.12155
0.19155
0.26255
0.31156
0.34856
0.39556
0.41957
0.42057
0.41158
0.37458
0.36458
0.31159
0.26259
0.2386
0.1936
0.1466
0.11361
0.10861
0.079016
0.03202
-0.030776
-0.082772
-0.13037
-0.15636
-0.18536
-0.21336
-0.24135
-0.24135
-0.22234
-0.19834
-0.17533
-0.11733
-0.069025
-0.01312
0.043784
0.072289
0.095793
0.096797
0.073302
0.010507
-0.036589
-0.083684
-0.14928
-0.19628
-0.26427
-0.35827
-0.41126
-0.46626
-0.53725
-0.60725
-0.64124
-0.68324
-0.65323
-0.62323
-0.54622
-0.48822
-0.46421
-0.39621
-0.3072
-0.2182
-0.12819
-0.015889
0.079216
0.18882
0.24283
0.28983
0.34984
0.38484
0.40285
0.39185
0.36886
0.30586
0.25887
0.21187
0.16488
0.10388
0.090086
0.060691
0.033196
0.009701
-0.025594
-0.039389
-0.016784
0.0067714
0.030327
0.072532
0.10194
0.12694
0.15895
0.20295
0.23496
0.29496
0.32997
0.36597
0.35598
0.34698
0.32999
0.31499
0.268
0.238
0.18701
0.12701
0.064719
-0.0078456
-0.10197
-0.18397
-0.23796
-0.26695
-0.30495
-0.31494
-0.31394
-0.28993
-0.26693
-0.24292
-0.20092
-0.16991
-0.12291
-0.094103
-0.075498
-0.075493
-0.059788
-0.056783
-0.042078
-0.0077428
-0.0018487
0.0020774
0.025642
0.034448
0.052153
0.028558
0.0050527
0.014868
-0.0057272
-0.038122
-0.071417
-0.11281
-0.14181
-0.1788
-0.2018
-0.24079
-0.24079
-0.24078
-0.25978
-0.25977
-0.24877
-0.22576
-0.18276
-0.15975
-0.13575
-0.11274
-0.093939
-0.084134
-0.045829
-0.039024
-0.032119
-0.0085646
0.01499
0.016995
0.0258
0.034604
0.055209
0.090514
0.079718
0.056223
0.050327
0.018932
-0.015363
-0.0016399
0.0032656
0.02685
0.066055
0.092559
0.12436
0.17137
0.18237
0.22838
0.26538
0.28839
0.29439
0.31139
0.3234
0.3124
0.28541
0.23841
0.20542
0.16342
0.13342
0.097528
0.058332
0.037736
0.05344
0.040644
0.017148
-0.006438
-0.040744
-0.07214
-0.080036
-0.12753
-0.16153
-0.18452
-0.20852
-0.22252
-0.20751
-0.18551
-0.17951
-0.1555
-0.1485
-0.1595
-0.11249
-0.079988
-0.055384
-0.014181
-0.0014585
0.014226
0.056429
0.088833
0.13554
0.14554
0.18754
0.21155
0.21955
0.21755
0.19356
0.18256
0.18256
0.17856
0.15457
0.13057
0.12957
0.17158
0.17158
0.14758
0.12759
0.10959
0.077091
0.034894
0.0054862
-0.053401
-0.091598
-0.1354
-0.19139
-0.23539
-0.25939
-0.25939
-0.23838
-0.20638
-0.18138
-0.13338
-0.086674
-0.039572
0.0025703
0.026133
0.034935
0.055537
0.079139
0.11464
0.12764
0.14964
0.17365
0.18265
0.18265
0.19465
0.17165
0.13166
0.14566
0.12966
0.083061
0.072262
0.072264
0.051665
0.034967
-0.006222
-0.053331
-0.087629
-0.11133
-0.15333
-0.16733
-0.16732
-0.16832
-0.18532
-0.17432
-0.18332
-0.16332
-0.14832
-0.14832
-0.14832
-0.14832
-0.13731
-0.097414
-0.093514
-0.093513
-0.079812
-0.074912
-0.051311
-0.038611
-0.03861
-0.03861
-0.03861
-0.050309
-0.056209
-0.056209
-0.066009
-0.074909
-0.074908
-0.068008
-0.032708
0.014392
0.061491
0.11769
0.18769
0.23869
0.26869
0.29269
0.27769
0.27469
0.27469
0.26169
0.25669
0.25069
0.23769
0.22269
0.17869
0.13069
0.096784
0.055583
0.0036025
-0.057218
-0.11932
-0.17032
-0.21732
-0.27632
-0.36332
-0.41332
-0.46033
-0.49333
-0.49833
-0.49833
-0.48733
-0.43133
-0.36333
-0.30034
-0.23234
-0.20334
-0.17534
-0.13834
-0.11534
-0.088646
-0.056248
-0.05625
-0.020952
0.043747
0.082044
0.12064
0.14764
0.15764
0.14564
0.12863
0.10163
0.072229
0.072227
0.053624
0.059422
0.072219
0.088917
0.14861
0.17261
0.19561
0.23761
0.2806
0.3036
0.3276
0.32759
0.31859
0.31759
0.29359
0.22958
0.18158
0.14958
0.12457
0.09077
0.055467
0.018164
-0.0014209
-0.0014243
-0.0014277
0.01725
0.017246
0.038743
0.070139
0.093735
0.11753
0.14053
0.14552
0.14552
0.14552
0.14551
0.14351
0.1205
0.0966
0.073096
0.025992
-0.021112
-0.068216
-0.096621
-0.14352
-0.19053
-0.22153
-0.20754
-0.21354
-0.17655
-0.14755
-0.11856
-0.082961
-0.059466
-0.02997
0.032825
0.09362
0.18242
0.22441
0.24741
0.2564
0.2744
0.26739
0.23139
0.20138
0.13638
0.08967
0.042565
0.01406
-0.033046
-0.080151
-0.11066
-0.13366
-0.15767
-0.18167
-0.20368
-0.19768
-0.18569
-0.1857
-0.1647
-0.14871
-0.14871
-0.12972
-0.11772
-0.12973
-0.11574
-0.091942
-0.075348
-0.075354
-0.05766
-0.039066
-0.039072
-0.039078
-0.020384
-0.027291
-0.050797
-0.074403
-0.097909
-0.11282
-0.12682
-0.15083
-0.18584
-0.18584
-0.18585
-0.18585
-0.19386
-0.21787
-0.20387
-0.20388
-0.19389
-0.18589
-0.1879
-0.20391
-0.21692
-0.22292
-0.24093
-0.23194
-0.23694
-0.25795
-0.23396
-0.22296
-0.22297
-0.20398
-0.20399
-0.21899
-0.222
-0.21001
-0.22301
-0.22302
-0.22003
-0.19604
-0.14604
-0.094251
-0.047159
-0.000085029
0.031326
0.055819
0.086211
0.1209
0.1269
0.13089
0.15488
0.14887
0.16387
0.15686
0.14485
0.14484
0.16383
0.15483
0.14482
0.14481
0.1388
0.1158
0.091987
0.087079
0.071371
0.071363
0.071355
0.071347
0.082139
0.12073
0.16372
0.16371
0.17671
0.2177
0.25969
0.28268
0.30667
0.31067
0.30366
0.30365
0.29364
0.28463
0.24662
0.20862
0.19961
0.1996
0.19959
0.23158
0.25557
0.26356
0.28656
0.31055
0.31554
0.30853
0.29152
0.27151
0.2555
0.2425
0.21949
0.21848
0.20847
0.18446
0.14445
0.13144
0.096536
0.073027
0.048418
0.024909
0.0013406
-0.021208
-0.021217
-0.010456
-0.019335
-0.021243
-0.021252
-0.021261
-0.03997
-0.099779
-0.13369
-0.1657
-0.16871
-0.17571
-0.19872
-0.18673
-0.16874
-0.15875
-0.13476
-0.13077
-0.11378
-0.090086
-0.076395
-0.057704
-0.048914
-0.025323
-0.0018316
0.021659
0.04525
0.10114
0.12613
0.12612
0.11311
0.1081
0.078496
0.042187
0.0029774
-0.083332
-0.15394
-0.19895
-0.23996
-0.26497
-0.27898
-0.29299
-0.316
-0.316
-0.32801
-0.33502
-0.31603
-0.30704
-0.29705
-0.28006
-0.29707
-0.28608
-0.24609
-0.2421
-0.23411
-0.21112
-0.18712
-0.18213
-0.14814
-0.11715
-0.093361
-0.07677
-0.06398
-0.040489
-0.040498
-0.040507
-0.025717
-0.0032068
0.003655
0.038956
0.051747
0.092937
0.12573
0.17272
0.21971
0.2667
0.30169
0.32568
0.33167
0.33766
0.30165
0.27265
0.23064
0.18663
0.13062
0.066309
0.011299
-0.05931
-0.11242
-0.15543
-0.17944
-0.18745
-0.20746
-0.22446
-0.22447
-0.20748
-0.18349
-0.1515
-0.10451
-0.05552
0.020971
0.055362
0.10245
0.13044
0.17043
0.20743
0.21742
0.26441
0.3014
0.30939
0.29038
0.29837
0.29636
0.27335
0.24934
0.22634
0.21733
0.19732
0.17431
0.1623
0.14529
0.14328
0.14327
0.12926
0.12525
0.10725
0.095337
0.056128
0.032519
0.02471
0.0011214
-0.022407
-0.022416
-0.043025
-0.074434
-0.099943
-0.16185
-0.21886
-0.27787
-0.32588
-0.37289
-0.4199
-0.4439
-0.42791
-0.43992
-0.44493
-0.41994
-0.38195
-0.32996
-0.27896
-0.23197
-0.18398
-0.12099
-0.074599
-0.043208
0.030384
0.088175
0.12997
0.16396
0.22695
0.27494
0.29793
0.30892
0.29092
0.29491
0.2889
0.25689
0.21388
0.17987
0.16887
0.16186
0.12185
0.080241
0.023333
-0.0061155
-0.041484
-0.073792
-0.1292
-0.17021
-0.18522
-0.20622
-0.22523
-0.24824
-0.25125
-0.22826
-0.18527
-0.17727
-0.18828
-0.17129
-0.1293
-0.1153
-0.10041
-0.076921
-0.046529
-0.011187
0.029056
0.077048
0.11564
0.13863
0.18062
0.22262
0.22461
0.2326
0.29559
0.34259
0.37758
0.40057
0.39456
0.39156
0.40055
0.37754
0.33053
0.27153
0.20052
0.13351
0.076903
0.020995
-0.0064521
-0.035919
-0.071227
-0.078134
-0.074141
-0.059449
-0.074156
-0.078163
-0.07227
-0.059478
-0.059485
-0.059492
-0.059499
-0.046806
-0.059513
-0.04192
-0.051727
-0.044834
-0.041941
-0.048748
-0.072355
-0.078262
-0.12467
-0.16168
-0.17068
-0.20969
-0.2567
-0.2807
-0.31471
-0.31772
-0.30872
-0.31273
-0.33474
-0.29874
-0.28775
-0.28076
-0.25676
-0.20977
-0.16278
-0.078382
-0.054788
-0.042095
-0.010671
0.034493
0.064886
0.10018
0.10617
0.091368
0.10616
0.091355
0.068749
0.068743
0.056937
0.033431
0.013825
0.013819
0.027513
0.051007
0.062801
0.061795
0.068689
0.071583
0.095178
0.10607
0.12407
0.12906
0.15305
0.17705
0.17904
0.17904
0.16703
0.16103
0.15602
0.13202
0.12401
0.085305
0.068599
0.068594
0.051889
0.0096834
-0.022622
-0.056027
-0.078632
-0.084437
-0.10804
-0.11605
-0.11905
-0.12606
-0.11606
-0.097268
-0.073773
-0.059978
-0.045283
-0.018788
0.020408
0.044003
0.049898
0.077293
0.11489
0.12388
0.12388
0.11787
0.09397
0.087065
0.068461
0.050756
0.017452
-0.0061125
-0.023757
-0.012991
-0.0051466
-0.0051509
-0.0051551
-0.0051594
-0.023783
-0.018887
-0.015991
-0.039495
-0.060099
-0.060103
-0.072907
-0.078811
-0.10621
-0.14322
-0.16722
-0.17123
-0.17823
-0.20123
-0.19024
-0.21124
-0.22625
-0.22625
-0.22525
-0.20126
-0.18926
-0.17326
-0.14627
-0.09947
-0.066073
-0.023877
0.0045501
0.041817
0.065414
0.10971
0.14971
0.1977
0.2327
0.2157
0.21569
0.21569
0.19569
0.17269
0.14868
0.14168
0.15668
0.13267
0.10967
0.10467
0.080966
0.057464
0.033961
0.028058
0.013356
-0.00042662
-0.042649
-0.042652
-0.031854
-0.023956
-0.022059
-0.0053419
0.0074368
0.013335
0.030932
0.03093
0.045628
0.051526
0.061324
0.037822
0.03092
0.013318
0.013316
0.013314
-0.0063475
-0.023989
-0.013221
-0.0053737
-0.0053754
0.002474
0.013302
-0.0053802
-0.0053817
-0.016202
-0.024004
-0.022105
-0.0053875
0.0073922
0.013291
-0.0103
-0.024012
-0.0093129
-0.005395
-0.0053961
0.0063838
0.013283
0.0092817
-0.014229
-0.03782
-0.042721
-0.042722
-0.042723
-0.026024
0.016176
0.030875
0.044674
0.049574
0.073073
0.086772
0.086772
0.10557
0.097571
0.086771
0.06917
0.09077
0.10557
0.10557
0.086769
0.079969
0.068169
0.033868
0.013268
-0.0044316
-0.037832
-0.062332
-0.10353
-0.12743
-0.16643
-0.18643
-0.16343
-0.15243
-0.13343
-0.13343
-0.12443
-0.084829
-0.042729
-0.057428
-0.066228
-0.042727
-0.037827
-0.014236
-0.0054065
0.014175
0.024976
0.013277
-0.0044224
-0.024022
-0.015221
-0.01912
-0.023019
-0.011288
-0.013247
0.042684
0.071085
0.094687
0.10559
0.12359
0.13359
0.17059
0.17859
0.20159
0.2486
0.2706
0.2876
0.2936
0.2976
0.2596
0.2506
0.21461
0.15561
0.14161
0.097612
0.050513
0.0034652
-0.024983
-0.072081
-0.13138
-0.18538
-0.21337
-0.25237
-0.27637
-0.29937
-0.27637
-0.26336
-0.24736
-0.23936
-0.20736
-0.19536
-0.15435
-0.11135
-0.077948
-0.045545
-0.0023828
0.03096
0.030962
0.030965
0.028068
0.01337
-0.0013868
-0.043524
-0.078921
-0.089618
-0.11332
-0.11931
-0.13331
-0.13331
-0.1163
-0.1213
-0.1333
-0.13329
-0.13629
-0.14529
-0.13328
-0.11628
-0.10728
-0.068975
-0.060171
-0.021968
0.0016256
0.013439
0.046743
0.064446
0.04085
0.031053
0.013457
0.013461
0.013465
0.029168
0.013472
0.021276
0.03108
0.013484
0.013488
0.023292
0.046796
0.0684
0.061504
0.049808
0.049812
0.049816
0.04982
0.064525
0.067429
0.042933
0.019338
0.013542
0.0095464
-0.0051301
-0.018845
-0.02274
-0.0051166
0.005679
0.013574
0.013578
0.013583
0.013588
-0.0050886
0.037097
0.081202
0.12091
0.14391
0.16092
0.17392
0.17893
0.17493
0.17094
0.17894
0.15895
0.12895
0.10596
0.088162
0.068567
0.059773
0.022478
0.012683
-0.0049924
-0.0049871
-0.0049816
-0.023595
-0.03149
-0.042284
-0.059879
-0.097173
-0.097168
-0.097162
-0.11796
-0.13295
-0.15894
-0.17094
-0.19293
-0.21693
-0.23992
-0.26292
-0.26291
-0.2629
-0.2449
-0.22189
-0.19789
-0.17488
-0.16987
-0.13987
-0.10386
-0.097056
-0.07255
-0.033243
-0.0097271
0.031469
0.050175
0.060882
0.10019
0.12419
0.1242
0.12421
0.10621
0.10122
0.087427
0.072733
0.04924
0.031546
0.043353
0.06786
0.064966
0.041373
0.04628
0.050286
0.044393
0.0316
0.048307
0.031614
0.031621
0.045427
0.050334
0.073841
0.087548
0.087555
0.12836
0.17637
0.21038
0.25138
0.27639
0.2894
0.3044
0.30841
0.30142
0.27843
0.23743
0.19444
0.17945
0.19346
0.17946
0.17947
0.15748
0.094585
0.084792
0.0612
0.037707
-0.0044663
-0.0093678
-0.03287
-0.056463
-0.062355
-0.092748
-0.12744
-0.16843
-0.19742
-0.21542
-0.22141
-0.2244
-0.20639
-0.19439
-0.18838
-0.16637
-0.14236
-0.10536
-0.057347
0.0015605
0.025068
0.048676
0.034984
0.067292
0.0879
0.10671
0.10672
0.10672
0.12173
0.10174
0.069348
0.056556
0.033064
0.014472
-0.0051801
-0.067012
-0.1162
-0.1462
-0.19319
-0.20618
-0.22917
-0.24316
-0.23016
-0.20615
-0.20014
-0.18813
-0.18812
-0.16711
-0.15111
-0.1511
-0.15109
-0.13808
-0.16207
-0.15406
-0.13206
-0.13205
-0.14504
-0.13303
-0.13702
-0.15101
-0.13601
-0.132
-0.11499
-0.10298
-0.096172
-0.052064
-0.013756
-0.0039282
0.014761
0.03237
0.021578
0.030487
0.032395
0.032403
0.059912
0.06972
0.074629
0.098137
0.12215
0.12515
0.13216
0.15617
0.16218
0.15719
0.1332
0.12521
0.12521
0.12522
0.11323
0.12424
0.084548
0.052156
0.018865
0.012973
-0.028218
-0.05181
-0.075301
-0.092993
-0.077284
-0.077275
-0.058567
-0.035058
-0.02225
-0.0065614
0.016967
0.040576
0.076884
0.10639
0.1114
0.13441
0.14342
0.14243
0.11944
0.083744
0.053352
0.044561
0.015169
0.00041749
-0.0034951
-0.0034866
-0.0034782
0.012211
0.03582
0.068128
0.11554
0.16254
0.18055
0.20156
0.24857
0.25658
0.28059
0.2906
0.2736
0.25861
0.27262
0.27263
0.25264
0.22965
0.19365
0.14666
0.09967
0.052578
-0.0082034
-0.059205
-0.088597
-0.12529
-0.16428
-0.20827
-0.21626
-0.21926
-0.22425
-0.22424
-0.22423
-0.22422
-0.20122
-0.16121
-0.1502
-0.13219
-0.086583
-0.039475
-0.0070675
-0.00019952
0.040048
0.063556
0.053764
0.030272
0.01558
-0.012912
-0.077604
-0.1071
-0.15409
-0.20108
-0.23007
-0.27707
-0.31106
-0.33505
-0.33504
-0.33503
-0.33503
-0.31102
-0.26401
-0.217
-0.17
-0.11399
-0.039282
0.0078356
0.073533
0.10804
0.13105
0.17906
0.20306
0.22707
0.23608
0.23608
0.23009
0.2181
0.21811
0.21511
0.19912
0.18613
0.18113
0.16314
0.15215
0.11416
0.089362
0.089369
0.076676
0.070783
0.07569
0.089397
0.1042
0.08941
0.082617
0.070824
0.05413
0.037437
0.069843
0.08945
0.069856
0.027663
-0.0066306
-0.037024
-0.060618
-0.076311
-0.090005
-0.094899
-0.094893
-0.084086
-0.07628
-0.053674
-0.013468
0.021838
0.052344
0.09355
0.13636
0.19236
0.18237
0.19937
0.19938
0.19939
0.21839
0.2184
0.2184
0.21841
0.21241
0.18842
0.18142
0.16043
0.14444
0.11844
0.071046
0.042552
-0.004483
-0.036838
-0.076133
-0.090827
-0.15052
-0.18552
-0.21351
-0.24151
-0.2415
-0.2235
-0.22349
-0.22349
-0.20648
-0.20148
-0.18647
-0.17247
-0.18546
-0.17446
-0.17546
-0.16845
-0.16545
-0.14944
-0.12344
-0.076033
-0.099529
-0.11342
-0.11342
-0.13542
-0.17541
-0.18641
-0.2224
-0.2454
-0.2604
-0.26039
-0.27739
-0.26039
-0.26038
-0.26038
-0.23737
-0.22337
-0.20937
-0.18636
-0.18136
-0.15736
-0.11735
-0.09165
-0.068047
-0.044544
-0.0023219
0.021262
0.055565
0.086968
0.091871
0.11567
0.12668
0.14368
0.16768
0.19069
0.21469
0.23469
0.22569
0.2487
0.2557
0.2327
0.2097
0.19971
0.16171
0.13171
0.13371
0.11071
0.11172
0.12672
0.11372
0.14472
0.16872
0.18173
0.18173
0.20273
0.21873
0.21873
0.23573
0.23174
0.21874
0.23274
0.21874
0.21874
0.20674
0.16674
0.15574
0.11775
0.093947
0.052748
0.052749
0.04195
0.018351
0.016451
0.0075821
-0.015947
-0.039546
-0.075846
-0.075845
-0.091545
-0.11024
-0.094444
-0.10724
-0.095443
-0.075843
-0.075843
-0.075843
-0.078742
-0.12624
-0.14924
-0.14924
-0.18924
-0.19524
-0.18624
-0.18624
-0.17524
-0.14924
-0.13324
-0.11024
-0.094445
-0.12125
-0.13025
-0.13625
-0.16025
-0.16825
-0.17225
-0.21925
-0.24125
-0.24125
-0.26025
-0.26025
-0.24525
-0.23826
-0.19826
-0.17526
-0.15126
-0.12826
-0.10426
-0.094463
-0.074864
-0.051265
-0.027767
-0.0042085
0.01643
0.032128
0.079127
0.10872
0.13672
0.17372
0.19672
0.21872
0.21872
0.20571
0.19971
0.21871
0.21871
0.21871
0.2367
0.2437
0.2677
0.2907
0.29169
0.28269
0.25969
0.23469
0.19968
0.18868
0.16568
0.16068
0.12867
0.10867
0.10867
0.12166
0.097761
0.089859
0.050656
0.027053
0.01635
0.016346
-0.0072467
-0.03076
-0.054363
-0.075966
-0.07597
-0.099473
-0.13038
-0.14938
-0.15838
-0.16839
-0.16839
-0.16839
-0.1794
-0.1864
-0.1864
-0.19441
-0.17841
-0.16842
-0.20442
-0.19442
-0.17143
-0.16843
-0.16043
-0.12544
-0.11344
-0.094647
-0.094651
-0.079955
-0.076059
-0.076063
-0.052467
-0.039771
-0.057376
-0.06618
-0.089784
-0.11349
-0.11949
-0.1305
-0.1475
-0.14951
-0.15751
-0.16852
-0.16852
-0.14452
-0.12153
-0.11353
-0.11054
-0.10154
-0.10065
-0.094752
-0.072157
-0.048661
-0.010396
-0.002552
0.0043142
0.0043094
-0.0025665
0.01901
0.033705
0.0337
0.053295
0.07099
0.081785
0.10538
0.11437
0.14437
0.14436
0.16336
0.16835
0.18135
0.18134
0.17934
0.17833
0.21233
0.20032
0.19932
0.19031
0.18131
0.2013
0.2113
0.19929
0.21729
0.21428
0.20828
0.23127
0.19927
0.20526
0.22925
0.23625
0.21524
0.19924
0.21323
0.23623
0.21322
0.18922
0.16621
0.14021
0.1002
0.089395
0.054089
0.024684
-0.012621
-0.065627
-0.096032
-0.11984
-0.14284
-0.16685
-0.18685
-0.19586
-0.21987
-0.24187
-0.24788
-0.26088
-0.26089
-0.26089
-0.2689
-0.2659
-0.26091
-0.26092
-0.26092
-0.27593
-0.27893
-0.27894
-0.30394
-0.33395
-0.33495
-0.33496
-0.34897
-0.33297
-0.31598
-0.30398
-0.26399
-0.21699
-0.179
-0.14
-0.094209
-0.070714
-0.04712
-0.0079152
0.015669
0.031364
0.051959
0.070553
0.11295
0.12594
0.12594
0.12393
0.10793
0.10792
0.12592
0.12191
0.10791
0.1079
0.087194
0.077389
0.089084
0.089079
0.093074
0.10787
0.093063
0.090058
0.11385
0.13685
0.17684
0.19884
0.20783
0.23083
0.25482
0.27882
0.30181
0.30981
0.3078
0.2908
0.29079
0.27379
0.24978
0.21678
0.16977
0.15977
0.11276
0.065459
0.069354
0.02615
-0.012065
-0.03566
-0.059164
-0.082669
-0.095474
-0.095478
-0.11728
-0.13129
-0.11929
-0.1143
-0.1083
-0.095505
-0.079809
-0.054314
-0.014118
-0.0033032
-0.0033074
0.019269
0.042765
0.051661
0.050657
0.027053
0.027049
0.050645
0.047641
0.032937
0.019233
0.014329
-0.009245
-0.032779
-0.056383
-0.073986
-0.05829
-0.072094
-0.095597
-0.095601
-0.1054
-0.12941
-0.11441
-0.11442
-0.11442
-0.13142
-0.10943
-0.085829
-0.091732
-0.074035
-0.033839
-0.010292
0.013255
0.011252
-0.0034321
0.010346
-0.0024571
0.01524
0.015237
0.030934
0.051531
0.051529
0.051526
0.070123
0.05152
0.051518
0.051515
0.035813
0.05151
0.051508
0.069105
0.051503
0.061301
0.070098
0.070096
0.070094
0.070092
0.08679
0.092687
0.10749
0.092683
0.088682
0.08278
0.059278
0.035776
0.048474
0.024973
0.0013908
-0.0035118
-0.0084224
-0.031934
-0.040835
-0.040837
-0.040838
-0.04084
-0.040841
-0.058442
-0.049643
-0.040844
-0.057446
-0.040847
-0.040848
-0.023149
0.00039043
0.02395
0.047449
0.071048
0.082747
0.059247
0.035746
0.035745
0.043545
0.020044
0.015144
0.0092435
0.0062731
0.015143
0.032743
0.040642
0.038642
0.032742
0.056342
0.070042
0.070042
0.089642
0.10744
0.095543
0.072043
0.070043
0.052344
0.019044
-0.023156
-0.040855
-0.051655
-0.10755
-0.13755
-0.19355
-0.23755
-0.26155
-0.28555
-0.31855
-0.34955
-0.35255
-0.34555
-0.32255
-0.31654
-0.27554
-0.26154
-0.23254
-0.22154
-0.17454
-0.12754
-0.063334
-0.014333
0.023969
0.074971
0.10847
0.14947
0.18348
0.24748
0.25748
0.28148
0.29048
0.29049
0.28549
0.27249
0.24149
0.23549
0.2215
0.1745
0.1445
0.1215
0.097507
0.074009
0.048512
0.015215
0.015218
-0.0024796
-0.022077
-0.013274
-0.017171
-0.022068
-0.022065
-0.022062
-0.022059
-0.025055
-0.040752
-0.026949
-0.0034265
0.015258
0.015261
0.029965
0.017168
0.025972
0.026976
0.032879
0.037783
0.051587
0.051591
0.034895
0.051599
0.051603
0.051607
0.030011
0.006445
-0.0033618
0.015323
0.015328
0.015332
0.031036
0.032941
0.041745
0.05165
0.070255
0.088859
0.098664
0.10767
0.10467
0.095778
0.094783
0.088888
0.066393
0.041798
0.018303
0.035008
0.044813
0.021219
0.015424
0.015429
0.0065645
-0.01696
-0.021855
-0.021849
-0.021844
-0.037538
-0.037532
-0.021827
-0.034621
-0.040515
-0.040509
-0.029704
-0.021798
-0.021792
-0.021786
-0.02178
-0.021774
-0.040468
-0.049261
-0.058055
-0.078649
-0.10814
-0.15514
-0.18513
-0.18712
-0.17912
-0.18311
-0.1681
-0.1561
-0.14609
-0.14808
-0.14708
-0.13107
-0.10506
-0.095257
-0.08445
-0.048143
-0.024636
-0.019729
0.011678
0.046085
0.051992
0.051999
0.052007
0.066714
0.069621
0.052028
0.040236
0.016643
0.011751
-0.0029228
-0.0029153
-0.0038867
-0.027419
-0.051011
-0.074504
-0.060796
-0.076488
-0.090181
-0.095073
-0.071565
-0.057757
-0.043049
-0.037141
-0.013633
-0.0028059
0.014883
0.019791
0.043299
0.052208
0.070816
0.070824
0.070832
0.070841
0.070849
0.053158
0.019866
0.014974
-0.008587
-0.010538
-0.0194
-0.039991
-0.047783
-0.057574
-0.057565
-0.039957
-0.049748
-0.073239
-0.07423
-0.050721
-0.051612
-0.039903
-0.039895
-0.039886
-0.039877
-0.040767
-0.057458
-0.057449
-0.04074
-0.061331
-0.067222
-0.057413
-0.058403
-0.076094
-0.076085
-0.076075
-0.091766
-0.076057
-0.076047
-0.057338
-0.057328
-0.057319
-0.057309
-0.0573
-0.05049
-0.039681
-0.021971
-0.0023423
-0.0023326
0.027058
0.035968
0.059478
0.083087
0.089897
0.089907
0.089917
0.076227
0.089937
0.089946
0.079156
0.071366
0.052776
0.044886
0.047896
0.052806
0.052816
0.042927
0.0037367
-0.0021342
0.004747
0.028267
0.034177
0.034188
0.034198
0.034208
0.052918
0.052929
0.052939
0.052949
0.05296
0.05297
0.05298
0.052991
0.058801
0.082412
0.090222
0.071632
0.071643
0.071653
0.090264
0.066774
0.053085
0.037395
0.037406
0.046217
0.034427
-0.00086219
-0.0018326
0.0079891
0.01687
-0.0018006
-0.00179
-0.0017793
-0.0017686
-0.020377
-0.020366
-0.020355
-0.020345
-0.020334
-0.0095532
0.013988
0.019898
0.034609
0.03462
0.017031
0.021942
0.034652
0.034663
0.017074
0.017085
0.0042957
-0.0015744
-0.0064726
-0.020172
-0.034861
-0.03685
-0.020139
-0.031928
-0.021117
-0.024006
-0.047595
-0.056385
-0.056374
-0.050463
-0.038752
-0.038741
-0.05633
-0.048519
-0.024908
-0.019997
0.0035339
0.0064948
-0.0013453
-0.0013343
-0.0013234
-0.014031
-0.01992
-0.01501
0.0085314
0.017412
-0.0012577
0.0056242
0.017445
-0.0002439
0.002707
0.017478
0.017489
-0.00020017
0.035111
0.024322
0.033233
0.050844
0.027354
0.030265
0.053876
0.059687
0.083298
0.091109
0.07052
0.053931
0.041141
0.053952
0.035263
0.045074
0.039185
0.035296
0.029407
0.0059073
0.015728
0.017739
0.01775
0.0030005
-0.019529
-0.019518
-0.019507
-0.019497
-0.038186
-0.038175
-0.050864
-0.055754
-0.032243
-0.029232
-0.038122
-0.038111
-0.038101
-0.02529
-0.0017393
-0.0056587
-0.019358
-0.0046476
0.015963
-0.00070759
-0.00069709
0.015994
0.039505
0.054315
0.054326
0.054336
0.054347
0.054357
0.038667
0.035678
0.035688
0.022998
0.018109
-0.0054711
-0.0084009
-0.016261
-0.02115
-0.03784
-0.03783
-0.03782
-0.04171
-0.0554
-0.07009
-0.05738
-0.07407
-0.08576
-0.07595
-0.05924
-0.07403
-0.08772
-0.09261
-0.0926
-0.09259
-0.07588
-0.07397
-0.066061
-0.055251
-0.037641
-0.018932
-0.018922
-0.0032322
0.020297
0.036007
0.036017
0.036026
0.054736
0.044845
0.021355
0.036064
0.036073
0.036083
0.036092
0.036101
0.036111
0.03612
0.036129
0.030238
0.0067374
-0.00012452
-0.00011543
-0.00010638
-0.000097363
-0.000088377
0.023502
0.03621
0.021519
-0.000052763
-0.000043944
0.012746
0.018655
0.022563
0.046072
0.054981
0.075589
0.099098
0.099106
0.075615
0.073623
0.064832
0.04124
0.036349
0.012857
-0.010735
-0.034227
-0.063618
-0.11091
-0.097002
-0.092094
-0.11089
-0.12088
-0.14387
-0.14686
-0.14685
-0.14685
-0.12884
-0.12783
-0.12782
-0.098815
-0.090008
-0.0665
-0.042892
-0.019385
-0.018377
-0.00957
0.00025644
0.038545
0.079752
0.081659
0.073867
0.095474
0.11928
0.11629
0.1113
0.1053
0.092509
0.092516
0.087623
0.05533
0.055337
0.037643
0.02295
0.046457
0.040563
0.03967
0.073976
0.073983
0.090689
0.1114
0.1114
0.11141
0.093614
0.11742
0.12943
0.096633
0.086739
0.055445
0.055451
0.055457
0.031863
0.0083383
-0.015226
-0.0014602
-0.010315
-0.012209
-0.018103
-0.021998
-0.045592
-0.069087
-0.053382
-0.036776
-0.024971
-0.018066
-0.014161
0.0093943
0.032949
0.055554
0.061359
0.074164
0.090869
0.10857
0.084979
0.074183
0.074188
0.069292
0.045697
0.036901
0.016306
0.00062918
-0.012086
-0.035681
-0.077877
-0.091573
-0.10637
-0.12936
-0.13936
-0.13936
-0.16335
-0.17935
-0.16535
-0.17934
-0.14634
-0.14633
-0.15733
-0.14833
-0.12532
-0.10132
-0.077817
-0.054214
-0.025811
0.00071163
0.00071475
0.021299
0.037002
0.049805
0.055708
0.051711
0.037013
0.037016
0.017419
-0.012979
-0.060076
-0.072874
-0.076771
-0.10027
-0.12427
-0.12726
-0.11626
-0.08066
-0.072858
-0.069856
-0.054154
-0.054152
-0.05415
-0.036548
-0.036546
-0.020844
0.00077624
0.0076488
0.03116
0.055762
0.033163
0.019465
0.034166
0.019467
0.012568
-0.01103
-0.017829
-0.021728
-0.036527
-0.036526
-0.035525
-0.017825
-0.028624
-0.052223
-0.036523
-0.027622
-0.017822
0.00079797
0.00079837
0.01061
0.00374
0.01948
0.02628
0.037081
0.037081
0.019481
0.0096306
0.00079948
0.01748
-0.0060699
-0.01782
-0.017821
-0.036521
-0.036521
-0.0080318
0.0007966
0.00079598
0.00079531
0.00079458
0.0007938
0.008644
0.019473
0.019472
0.029271
0.05577
0.055769
0.074368
0.074367
0.074365
0.074364
0.096962
0.12076
0.12976
0.11276
0.13576
0.13575
0.12975
0.11175
0.12075
0.10175
0.092045
0.068443
0.044941
0.021339
0.037037
0.037035
0.037032
0.03703
0.042928
0.055725
0.055723
0.03702
0.030118
0.019415
0.019412
0.019409
0.019407
0.0046437
0.020301
0.036998
0.036995
0.036992
0.034089
0.019385
0.0046221
-0.0012612
-0.042425
-0.066028
-0.072931
-0.072935
-0.072939
-0.086642
-0.11035
-0.09155
-0.091553
-0.091557
-0.091561
-0.098365
-0.11037
-0.092573
-0.091577
-0.091581
-0.091585
-0.09159
-0.091594
-0.079798
-0.073003
-0.066107
-0.027812
-0.0043061
0.00059832
0.00059369
0.00058901
0.016265
0.01926
0.010386
-0.013149
-0.018054
-0.022959
-0.036764
-0.021069
-0.018074
-0.024979
-0.036785
-0.05439
-0.050495
-0.036801
-0.036806
-0.036811
-0.036817
-0.013222
0.017172
0.019166
0.027961
0.036755
0.055449
0.042643
0.067138
0.074032
0.071126
0.06422
0.061214
0.055408
0.069101
0.045495
0.021989
0.016083
-0.0074534
-0.01823
-0.018236
-0.022143
-0.036949
-0.036956
-0.034962
-0.018269
-0.0065253
0.017018
0.036611
0.036605
0.051298
0.037591
0.055284
0.066977
0.07387
0.076763
0.092456
0.092449
0.092442
0.087535
0.073828
0.073821
0.073813
0.066906
0.042399
0.036491
0.013984
-0.0096235
-0.018431
0.00018051
0.00017296
-0.011654
-0.018461
-0.022369
-0.045977
-0.054784
-0.037192
-0.0372
-0.037208
-0.037216
-0.018523
-0.018531
-0.018539
0.000071704
0.0049647
0.018737
0.033429
0.03442
0.018712
0.030404
0.036296
0.054988
0.054979
0.069671
0.073563
0.066654
0.066646
0.090238
0.077429
0.083321
0.073512
0.054904
0.030295
-0.0040136
-0.018722
-0.0030509
-0.01874
-0.031548
-0.055057
-0.050166
-0.047274
-0.055083
-0.073792
-0.073801
-0.06101
-0.055119
-0.055128
-0.055137
-0.055146
-0.054155
-0.043364
-0.055173
-0.038482
-0.037591
-0.0376
-0.022809
-0.036618
-0.018927
-0.029737
-0.037646
-0.040555
-0.047464
-0.023874
-0.018983
-0.018992
-0.028801
-0.037711
-0.05832
-0.06713
-0.068139
-0.074048
-0.051458
-0.037767
-0.022977
-0.00046721
-0.00047671
0.011295
0.034785
0.039676
0.054466
0.054457
0.054447
0.060237
0.073028
0.057318
0.057308
0.072999
0.072989
0.054379
0.05437
0.05436
0.05435
0.035641
0.035631
0.023821
0.018011
-0.0055884
-0.019308
-0.034018
-0.036028
-0.026238
-0.038047
-0.038057
-0.038067
-0.038077
-0.038087
-0.038096
-0.055706
-0.055716
-0.055726
-0.071436
-0.047946
-0.024356
-0.038166
-0.038175
-0.027385
-0.019495
-0.017605
-0.00089598
-0.013625
-0.037235
-0.038245
-0.038255
-0.038264
-0.019574
-0.026484
-0.026494
-0.019604
-0.019614
-0.010824
-0.0010148
-0.0010247
0.0048463
0.017636
0.00090755
0.0018766
0.017607
0.017597
0.017587
0.017577
0.017567
0.017557
0.017547
0.017538
0.017528
0.017518
0.012608
-0.0011828
-0.0011926
-0.017921
0.0056587
0.017459
-0.00025092
-0.0012417
-0.0012515
-0.01498
-0.01889
-0.0071698
0.0026304
0.00066167
0.017371
0.025161
0.034952
0.034942
0.034932
0.034922
0.020213
0.034903
0.042793
0.028984
0.017274
0.017265
0.007405
0.013245
0.017236
0.010326
-0.0014642
0.015207
-0.0014832
-0.010322
-0.020121
-0.021131
-0.03294
-0.0093794
-0.033959
-0.053568
-0.038878
-0.038887
-0.038896
-0.038906
-0.038915
-0.038924
-0.040833
-0.064443
-0.050652
-0.038961
-0.02027
-0.020279
-0.020288
-0.020298
-0.020307
-0.020316
-0.037025
-0.035034
-0.029143
-0.052752
-0.038061
-0.02037
-0.020378
-0.020387
-0.020396
-0.020405
-0.020414
-0.039123
-0.033231
-0.02044
-0.020449
-0.020457
-0.020466
-0.033275
-0.056783
-0.056792
-0.0568
-0.056809
-0.058817
-0.075526
-0.063734
-0.040142
-0.039251
-0.039259
-0.024467
-0.020576
-0.020584
-0.0098222
0.0137
0.019592
0.026483
0.029375
0.034267
0.076459
0.079351
0.087243
0.10394
0.064628
0.06562
0.071512
0.067604
0.042996
0.048889
0.051881
0.034173
0.034166
0.017458
-0.0021305
-0.002138
0.011636
0.016528
0.016521
0.0047033
-0.002175
0.016499
0.016491
0.0027042
0.034077
0.03407
0.034063
0.034056
0.034049
0.041942
0.039935
0.034028
0.034021
0.034014
0.034007
0.071301
0.071294
0.071287
0.054581
0.071274
0.080067
0.076161
0.052654
0.052648
0.052642
0.069235
0.071229
0.071223
0.044716
0.01631
0.016304
0.0054679
-0.0013274
-0.0013334
-0.0013394
-0.0013453
-0.0013512
-0.0013571
-0.0013629
-0.0013687
-0.0013744
-0.0013801
-0.0013857
-0.0013913
-0.0013969
-0.0014024
-0.0014079
-0.0014133
-0.0014187
-0.001424
-0.0014293
-0.0014346
-0.0014398
-0.0014449
